freq_ghz,variation,s11_db
1,g1='8.5mm' lw='1.75mm' slot_length='18mm',-13.0667
1.1,g1='8.5mm' lw='1.75mm' slot_length='18mm',-13.0154
1.2,g1='8.5mm' lw='1.75mm' slot_length='18mm',-12.9542
1.3,g1='8.5mm' lw='1.75mm' slot_length='18mm',-12.8807
1.4,g1='8.5mm' lw='1.75mm' slot_length='18mm',-12.7914
1.5,g1='8.5mm' lw='1.75mm' slot_length='18mm',-12.6812
1.6,g1='8.5mm' lw='1.75mm' slot_length='18mm',-12.5425
1.7,g1='8.5mm' lw='1.75mm' slot_length='18mm',-12.3631
1.8,g1='8.5mm' lw='1.75mm' slot_length='18mm',-12.1234
1.9,g1='8.5mm' lw='1.75mm' slot_length='18mm',-11.7914
2,g1='8.5mm' lw='1.75mm' slot_length='18mm',-11.3198
2.1,g1='8.5mm' lw='1.75mm' slot_length='18mm',-10.702
2.2,g1='8.5mm' lw='1.75mm' slot_length='18mm',-10.4992
2.3,g1='8.5mm' lw='1.75mm' slot_length='18mm',-12.566
2.4,g1='8.5mm' lw='1.75mm' slot_length='18mm',-14.7138
2.5,g1='8.5mm' lw='1.75mm' slot_length='18mm',-15.0519
2.6,g1='8.5mm' lw='1.75mm' slot_length='18mm',-14.8429
2.7,g1='8.5mm' lw='1.75mm' slot_length='18mm',-14.5864
2.8,g1='8.5mm' lw='1.75mm' slot_length='18mm',-14.3645
2.9,g1='8.5mm' lw='1.75mm' slot_length='18mm',-14.18
3,g1='8.5mm' lw='1.75mm' slot_length='18mm',-14.0245
3.1,g1='8.5mm' lw='1.75mm' slot_length='18mm',-13.8904
3.2,g1='8.5mm' lw='1.75mm' slot_length='18mm',-13.7719
3.3,g1='8.5mm' lw='1.75mm' slot_length='18mm',-13.6651
3.4,g1='8.5mm' lw='1.75mm' slot_length='18mm',-13.5672
3.5,g1='8.5mm' lw='1.75mm' slot_length='18mm',-13.4768
3.6,g1='8.5mm' lw='1.75mm' slot_length='18mm',-13.3928
3.7,g1='8.5mm' lw='1.75mm' slot_length='18mm',-13.3151
3.8,g1='8.5mm' lw='1.75mm' slot_length='18mm',-13.2438
3.9,g1='8.5mm' lw='1.75mm' slot_length='18mm',-13.1798
4,g1='8.5mm' lw='1.75mm' slot_length='18mm',-13.1243
4.1,g1='8.5mm' lw='1.75mm' slot_length='18mm',-13.0789
4.2,g1='8.5mm' lw='1.75mm' slot_length='18mm',-13.0453
4.3,g1='8.5mm' lw='1.75mm' slot_length='18mm',-13.0251
4.4,g1='8.5mm' lw='1.75mm' slot_length='18mm',-13.0196
4.5,g1='8.5mm' lw='1.75mm' slot_length='18mm',-13.029
4.6,g1='8.5mm' lw='1.75mm' slot_length='18mm',-13.0524
4.7,g1='8.5mm' lw='1.75mm' slot_length='18mm',-13.0874
4.8,g1='8.5mm' lw='1.75mm' slot_length='18mm',-13.1301
4.9,g1='8.5mm' lw='1.75mm' slot_length='18mm',-13.1759
5,g1='8.5mm' lw='1.75mm' slot_length='18mm',-13.2194
5.1,g1='8.5mm' lw='1.75mm' slot_length='18mm',-13.2561
5.2,g1='8.5mm' lw='1.75mm' slot_length='18mm',-13.2819
5.3,g1='8.5mm' lw='1.75mm' slot_length='18mm',-13.2942
5.4,g1='8.5mm' lw='1.75mm' slot_length='18mm',-13.2916
5.5,g1='8.5mm' lw='1.75mm' slot_length='18mm',-13.2736
5.6,g1='8.5mm' lw='1.75mm' slot_length='18mm',-13.2403
5.7,g1='8.5mm' lw='1.75mm' slot_length='18mm',-13.1923
5.8,g1='8.5mm' lw='1.75mm' slot_length='18mm',-13.1302
5.9,g1='8.5mm' lw='1.75mm' slot_length='18mm',-13.0544
6,g1='8.5mm' lw='1.75mm' slot_length='18mm',-12.9643
6.1,g1='8.5mm' lw='1.75mm' slot_length='18mm',-12.8583
6.2,g1='8.5mm' lw='1.75mm' slot_length='18mm',-12.7316
6.3,g1='8.5mm' lw='1.75mm' slot_length='18mm',-12.5723
6.4,g1='8.5mm' lw='1.75mm' slot_length='18mm',-12.3501
6.5,g1='8.5mm' lw='1.75mm' slot_length='18mm',-11.9871
6.6,g1='8.5mm' lw='1.75mm' slot_length='18mm',-11.3766
6.7,g1='8.5mm' lw='1.75mm' slot_length='18mm',-11.0734
6.8,g1='8.5mm' lw='1.75mm' slot_length='18mm',-11.4823
6.9,g1='8.5mm' lw='1.75mm' slot_length='18mm',-11.7302
7,g1='8.5mm' lw='1.75mm' slot_length='18mm',-11.7996
7.1,g1='8.5mm' lw='1.75mm' slot_length='18mm',-11.8044
7.2,g1='8.5mm' lw='1.75mm' slot_length='18mm',-11.7979
7.3,g1='8.5mm' lw='1.75mm' slot_length='18mm',-11.807
7.4,g1='8.5mm' lw='1.75mm' slot_length='18mm',-11.849
7.5,g1='8.5mm' lw='1.75mm' slot_length='18mm',-11.9363
7.6,g1='8.5mm' lw='1.75mm' slot_length='18mm',-12.0776
7.7,g1='8.5mm' lw='1.75mm' slot_length='18mm',-12.2766
7.8,g1='8.5mm' lw='1.75mm' slot_length='18mm',-12.5309
7.9,g1='8.5mm' lw='1.75mm' slot_length='18mm',-12.8309
8,g1='8.5mm' lw='1.75mm' slot_length='18mm',-13.1611
8.1,g1='8.5mm' lw='1.75mm' slot_length='18mm',-13.5017
8.2,g1='8.5mm' lw='1.75mm' slot_length='18mm',-13.8322
8.3,g1='8.5mm' lw='1.75mm' slot_length='18mm',-14.1342
8.4,g1='8.5mm' lw='1.75mm' slot_length='18mm',-14.3938
8.5,g1='8.5mm' lw='1.75mm' slot_length='18mm',-14.6032
8.6,g1='8.5mm' lw='1.75mm' slot_length='18mm',-14.7598
8.7,g1='8.5mm' lw='1.75mm' slot_length='18mm',-14.866
8.8,g1='8.5mm' lw='1.75mm' slot_length='18mm',-14.9269
8.9,g1='8.5mm' lw='1.75mm' slot_length='18mm',-14.9499
9,g1='8.5mm' lw='1.75mm' slot_length='18mm',-14.9427
9.1,g1='8.5mm' lw='1.75mm' slot_length='18mm',-14.9131
9.2,g1='8.5mm' lw='1.75mm' slot_length='18mm',-14.8684
9.3,g1='8.5mm' lw='1.75mm' slot_length='18mm',-14.8152
9.4,g1='8.5mm' lw='1.75mm' slot_length='18mm',-14.7593
9.5,g1='8.5mm' lw='1.75mm' slot_length='18mm',-14.7057
9.6,g1='8.5mm' lw='1.75mm' slot_length='18mm',-14.6586
9.7,g1='8.5mm' lw='1.75mm' slot_length='18mm',-14.6212
9.8,g1='8.5mm' lw='1.75mm' slot_length='18mm',-14.5955
9.9,g1='8.5mm' lw='1.75mm' slot_length='18mm',-14.5824
10,g1='8.5mm' lw='1.75mm' slot_length='18mm',-14.5819
10.1,g1='8.5mm' lw='1.75mm' slot_length='18mm',-14.5924
10.2,g1='8.5mm' lw='1.75mm' slot_length='18mm',-14.6118
10.3,g1='8.5mm' lw='1.75mm' slot_length='18mm',-14.6372
10.4,g1='8.5mm' lw='1.75mm' slot_length='18mm',-14.6654
10.5,g1='8.5mm' lw='1.75mm' slot_length='18mm',-14.6933
10.6,g1='8.5mm' lw='1.75mm' slot_length='18mm',-14.7181
10.7,g1='8.5mm' lw='1.75mm' slot_length='18mm',-14.7373
10.8,g1='8.5mm' lw='1.75mm' slot_length='18mm',-14.7491
10.9,g1='8.5mm' lw='1.75mm' slot_length='18mm',-14.7525
11,g1='8.5mm' lw='1.75mm' slot_length='18mm',-14.7467
11.1,g1='8.5mm' lw='1.75mm' slot_length='18mm',-14.7315
11.2,g1='8.5mm' lw='1.75mm' slot_length='18mm',-14.7071
11.3,g1='8.5mm' lw='1.75mm' slot_length='18mm',-14.6738
11.4,g1='8.5mm' lw='1.75mm' slot_length='18mm',-14.6324
11.5,g1='8.5mm' lw='1.75mm' slot_length='18mm',-14.5834
11.6,g1='8.5mm' lw='1.75mm' slot_length='18mm',-14.5278
11.7,g1='8.5mm' lw='1.75mm' slot_length='18mm',-14.4662
11.8,g1='8.5mm' lw='1.75mm' slot_length='18mm',-14.3998
11.9,g1='8.5mm' lw='1.75mm' slot_length='18mm',-14.3295
12,g1='8.5mm' lw='1.75mm' slot_length='18mm',-14.2563
12.1,g1='8.5mm' lw='1.75mm' slot_length='18mm',-14.1813
12.2,g1='8.5mm' lw='1.75mm' slot_length='18mm',-14.1058
12.3,g1='8.5mm' lw='1.75mm' slot_length='18mm',-14.031
12.4,g1='8.5mm' lw='1.75mm' slot_length='18mm',-13.9583
12.5,g1='8.5mm' lw='1.75mm' slot_length='18mm',-13.889
12.6,g1='8.5mm' lw='1.75mm' slot_length='18mm',-13.8243
12.7,g1='8.5mm' lw='1.75mm' slot_length='18mm',-13.7651
12.8,g1='8.5mm' lw='1.75mm' slot_length='18mm',-13.7119
12.9,g1='8.5mm' lw='1.75mm' slot_length='18mm',-13.6649
13,g1='8.5mm' lw='1.75mm' slot_length='18mm',-13.6236
13.1,g1='8.5mm' lw='1.75mm' slot_length='18mm',-13.587
13.2,g1='8.5mm' lw='1.75mm' slot_length='18mm',-13.5535
13.3,g1='8.5mm' lw='1.75mm' slot_length='18mm',-13.5215
13.4,g1='8.5mm' lw='1.75mm' slot_length='18mm',-13.4893
13.5,g1='8.5mm' lw='1.75mm' slot_length='18mm',-13.4552
13.6,g1='8.5mm' lw='1.75mm' slot_length='18mm',-13.4178
13.7,g1='8.5mm' lw='1.75mm' slot_length='18mm',-13.3763
13.8,g1='8.5mm' lw='1.75mm' slot_length='18mm',-13.33
13.9,g1='8.5mm' lw='1.75mm' slot_length='18mm',-13.2786
14,g1='8.5mm' lw='1.75mm' slot_length='18mm',-13.2221
14.1,g1='8.5mm' lw='1.75mm' slot_length='18mm',-13.1608
14.2,g1='8.5mm' lw='1.75mm' slot_length='18mm',-13.0951
14.3,g1='8.5mm' lw='1.75mm' slot_length='18mm',-13.0254
14.4,g1='8.5mm' lw='1.75mm' slot_length='18mm',-12.9521
14.5,g1='8.5mm' lw='1.75mm' slot_length='18mm',-12.8759
14.6,g1='8.5mm' lw='1.75mm' slot_length='18mm',-12.7973
14.7,g1='8.5mm' lw='1.75mm' slot_length='18mm',-12.7167
14.8,g1='8.5mm' lw='1.75mm' slot_length='18mm',-12.6347
14.9,g1='8.5mm' lw='1.75mm' slot_length='18mm',-12.5518
15,g1='8.5mm' lw='1.75mm' slot_length='18mm',-12.4684
1,g1='12.5mm' lw='1.75mm' slot_length='18mm',-12.5561
1.1,g1='12.5mm' lw='1.75mm' slot_length='18mm',-12.5048
1.2,g1='12.5mm' lw='1.75mm' slot_length='18mm',-12.5004
1.3,g1='12.5mm' lw='1.75mm' slot_length='18mm',-12.5385
1.4,g1='12.5mm' lw='1.75mm' slot_length='18mm',-12.6105
1.5,g1='12.5mm' lw='1.75mm' slot_length='18mm',-12.7066
1.6,g1='12.5mm' lw='1.75mm' slot_length='18mm',-12.817
1.7,g1='12.5mm' lw='1.75mm' slot_length='18mm',-12.9337
1.8,g1='12.5mm' lw='1.75mm' slot_length='18mm',-13.0505
1.9,g1='12.5mm' lw='1.75mm' slot_length='18mm',-13.1631
2,g1='12.5mm' lw='1.75mm' slot_length='18mm',-13.2686
2.1,g1='12.5mm' lw='1.75mm' slot_length='18mm',-13.3655
2.2,g1='12.5mm' lw='1.75mm' slot_length='18mm',-13.453
2.3,g1='12.5mm' lw='1.75mm' slot_length='18mm',-13.5308
2.4,g1='12.5mm' lw='1.75mm' slot_length='18mm',-13.5993
2.5,g1='12.5mm' lw='1.75mm' slot_length='18mm',-13.6588
2.6,g1='12.5mm' lw='1.75mm' slot_length='18mm',-13.7097
2.7,g1='12.5mm' lw='1.75mm' slot_length='18mm',-13.7527
2.8,g1='12.5mm' lw='1.75mm' slot_length='18mm',-13.7883
2.9,g1='12.5mm' lw='1.75mm' slot_length='18mm',-13.8171
3,g1='12.5mm' lw='1.75mm' slot_length='18mm',-13.8395
3.1,g1='12.5mm' lw='1.75mm' slot_length='18mm',-13.8561
3.2,g1='12.5mm' lw='1.75mm' slot_length='18mm',-13.8672
3.3,g1='12.5mm' lw='1.75mm' slot_length='18mm',-13.8733
3.4,g1='12.5mm' lw='1.75mm' slot_length='18mm',-13.8747
3.5,g1='12.5mm' lw='1.75mm' slot_length='18mm',-13.8716
3.6,g1='12.5mm' lw='1.75mm' slot_length='18mm',-13.8645
3.7,g1='12.5mm' lw='1.75mm' slot_length='18mm',-13.8534
3.8,g1='12.5mm' lw='1.75mm' slot_length='18mm',-13.8386
3.9,g1='12.5mm' lw='1.75mm' slot_length='18mm',-13.8203
4,g1='12.5mm' lw='1.75mm' slot_length='18mm',-13.7987
4.1,g1='12.5mm' lw='1.75mm' slot_length='18mm',-13.7738
4.2,g1='12.5mm' lw='1.75mm' slot_length='18mm',-13.7458
4.3,g1='12.5mm' lw='1.75mm' slot_length='18mm',-13.7148
4.4,g1='12.5mm' lw='1.75mm' slot_length='18mm',-13.6809
4.5,g1='12.5mm' lw='1.75mm' slot_length='18mm',-13.6441
4.6,g1='12.5mm' lw='1.75mm' slot_length='18mm',-13.6045
4.7,g1='12.5mm' lw='1.75mm' slot_length='18mm',-13.5621
4.8,g1='12.5mm' lw='1.75mm' slot_length='18mm',-13.5169
4.9,g1='12.5mm' lw='1.75mm' slot_length='18mm',-13.469
5,g1='12.5mm' lw='1.75mm' slot_length='18mm',-13.4183
5.1,g1='12.5mm' lw='1.75mm' slot_length='18mm',-13.3649
5.2,g1='12.5mm' lw='1.75mm' slot_length='18mm',-13.3087
5.3,g1='12.5mm' lw='1.75mm' slot_length='18mm',-13.2497
5.4,g1='12.5mm' lw='1.75mm' slot_length='18mm',-13.1879
5.5,g1='12.5mm' lw='1.75mm' slot_length='18mm',-13.1232
5.6,g1='12.5mm' lw='1.75mm' slot_length='18mm',-13.0555
5.7,g1='12.5mm' lw='1.75mm' slot_length='18mm',-12.9848
5.8,g1='12.5mm' lw='1.75mm' slot_length='18mm',-12.911
5.9,g1='12.5mm' lw='1.75mm' slot_length='18mm',-12.8341
6,g1='12.5mm' lw='1.75mm' slot_length='18mm',-12.7538
6.1,g1='12.5mm' lw='1.75mm' slot_length='18mm',-12.6701
6.2,g1='12.5mm' lw='1.75mm' slot_length='18mm',-12.5828
6.3,g1='12.5mm' lw='1.75mm' slot_length='18mm',-12.4918
6.4,g1='12.5mm' lw='1.75mm' slot_length='18mm',-12.397
6.5,g1='12.5mm' lw='1.75mm' slot_length='18mm',-12.2981
6.6,g1='12.5mm' lw='1.75mm' slot_length='18mm',-12.1949
6.7,g1='12.5mm' lw='1.75mm' slot_length='18mm',-12.0873
6.8,g1='12.5mm' lw='1.75mm' slot_length='18mm',-11.975
6.9,g1='12.5mm' lw='1.75mm' slot_length='18mm',-11.8577
7,g1='12.5mm' lw='1.75mm' slot_length='18mm',-11.7352
7.1,g1='12.5mm' lw='1.75mm' slot_length='18mm',-11.6071
7.2,g1='12.5mm' lw='1.75mm' slot_length='18mm',-11.4732
7.3,g1='12.5mm' lw='1.75mm' slot_length='18mm',-11.3331
7.4,g1='12.5mm' lw='1.75mm' slot_length='18mm',-11.1863
7.5,g1='12.5mm' lw='1.75mm' slot_length='18mm',-11.0327
7.6,g1='12.5mm' lw='1.75mm' slot_length='18mm',-10.8717
7.7,g1='12.5mm' lw='1.75mm' slot_length='18mm',-10.703
7.8,g1='12.5mm' lw='1.75mm' slot_length='18mm',-10.5263
7.9,g1='12.5mm' lw='1.75mm' slot_length='18mm',-10.3414
8,g1='12.5mm' lw='1.75mm' slot_length='18mm',-10.1481
8.1,g1='12.5mm' lw='1.75mm' slot_length='18mm',-9.94658
8.2,g1='12.5mm' lw='1.75mm' slot_length='18mm',-9.73722
8.3,g1='12.5mm' lw='1.75mm' slot_length='18mm',-9.52097
8.4,g1='12.5mm' lw='1.75mm' slot_length='18mm',-9.29957
8.5,g1='12.5mm' lw='1.75mm' slot_length='18mm',-9.07589
8.6,g1='12.5mm' lw='1.75mm' slot_length='18mm',-8.85444
8.7,g1='12.5mm' lw='1.75mm' slot_length='18mm',-8.6421
8.8,g1='12.5mm' lw='1.75mm' slot_length='18mm',-8.44895
8.9,g1='12.5mm' lw='1.75mm' slot_length='18mm',-8.28919
9,g1='12.5mm' lw='1.75mm' slot_length='18mm',-8.18189
9.1,g1='12.5mm' lw='1.75mm' slot_length='18mm',-8.15099
9.2,g1='12.5mm' lw='1.75mm' slot_length='18mm',-8.22384
9.3,g1='12.5mm' lw='1.75mm' slot_length='18mm',-8.42741
9.4,g1='12.5mm' lw='1.75mm' slot_length='18mm',-8.78243
9.5,g1='12.5mm' lw='1.75mm' slot_length='18mm',-9.29704
9.6,g1='12.5mm' lw='1.75mm' slot_length='18mm',-9.96266
9.7,g1='12.5mm' lw='1.75mm' slot_length='18mm',-10.7542
9.8,g1='12.5mm' lw='1.75mm' slot_length='18mm',-11.634
9.9,g1='12.5mm' lw='1.75mm' slot_length='18mm',-12.5571
10,g1='12.5mm' lw='1.75mm' slot_length='18mm',-13.4757
10.1,g1='12.5mm' lw='1.75mm' slot_length='18mm',-14.3425
10.2,g1='12.5mm' lw='1.75mm' slot_length='18mm',-15.1143
10.3,g1='12.5mm' lw='1.75mm' slot_length='18mm',-15.7562
10.4,g1='12.5mm' lw='1.75mm' slot_length='18mm',-16.2466
10.5,g1='12.5mm' lw='1.75mm' slot_length='18mm',-16.5802
10.6,g1='12.5mm' lw='1.75mm' slot_length='18mm',-16.7676
10.7,g1='12.5mm' lw='1.75mm' slot_length='18mm',-16.8315
10.8,g1='12.5mm' lw='1.75mm' slot_length='18mm',-16.8005
10.9,g1='12.5mm' lw='1.75mm' slot_length='18mm',-16.7046
11,g1='12.5mm' lw='1.75mm' slot_length='18mm',-16.5715
11.1,g1='12.5mm' lw='1.75mm' slot_length='18mm',-16.4253
11.2,g1='12.5mm' lw='1.75mm' slot_length='18mm',-16.283
11.3,g1='12.5mm' lw='1.75mm' slot_length='18mm',-16.1531
11.4,g1='12.5mm' lw='1.75mm' slot_length='18mm',-16.0381
11.5,g1='12.5mm' lw='1.75mm' slot_length='18mm',-15.9409
11.6,g1='12.5mm' lw='1.75mm' slot_length='18mm',-15.8674
11.7,g1='12.5mm' lw='1.75mm' slot_length='18mm',-15.8247
11.8,g1='12.5mm' lw='1.75mm' slot_length='18mm',-15.8189
11.9,g1='12.5mm' lw='1.75mm' slot_length='18mm',-15.8526
12,g1='12.5mm' lw='1.75mm' slot_length='18mm',-15.9246
12.1,g1='12.5mm' lw='1.75mm' slot_length='18mm',-16.0286
12.2,g1='12.5mm' lw='1.75mm' slot_length='18mm',-16.1533
12.3,g1='12.5mm' lw='1.75mm' slot_length='18mm',-16.2833
12.4,g1='12.5mm' lw='1.75mm' slot_length='18mm',-16.4012
12.5,g1='12.5mm' lw='1.75mm' slot_length='18mm',-16.4902
12.6,g1='12.5mm' lw='1.75mm' slot_length='18mm',-16.5374
12.7,g1='12.5mm' lw='1.75mm' slot_length='18mm',-16.5358
12.8,g1='12.5mm' lw='1.75mm' slot_length='18mm',-16.4844
12.9,g1='12.5mm' lw='1.75mm' slot_length='18mm',-16.3874
13,g1='12.5mm' lw='1.75mm' slot_length='18mm',-16.2521
13.1,g1='12.5mm' lw='1.75mm' slot_length='18mm',-16.0873
13.2,g1='12.5mm' lw='1.75mm' slot_length='18mm',-15.9013
13.3,g1='12.5mm' lw='1.75mm' slot_length='18mm',-15.7015
13.4,g1='12.5mm' lw='1.75mm' slot_length='18mm',-15.4937
13.5,g1='12.5mm' lw='1.75mm' slot_length='18mm',-15.2825
13.6,g1='12.5mm' lw='1.75mm' slot_length='18mm',-15.0712
13.7,g1='12.5mm' lw='1.75mm' slot_length='18mm',-14.8621
13.8,g1='12.5mm' lw='1.75mm' slot_length='18mm',-14.6568
13.9,g1='12.5mm' lw='1.75mm' slot_length='18mm',-14.4561
14,g1='12.5mm' lw='1.75mm' slot_length='18mm',-14.2607
14.1,g1='12.5mm' lw='1.75mm' slot_length='18mm',-14.0708
14.2,g1='12.5mm' lw='1.75mm' slot_length='18mm',-13.8865
14.3,g1='12.5mm' lw='1.75mm' slot_length='18mm',-13.7078
14.4,g1='12.5mm' lw='1.75mm' slot_length='18mm',-13.5346
14.5,g1='12.5mm' lw='1.75mm' slot_length='18mm',-13.3666
14.6,g1='12.5mm' lw='1.75mm' slot_length='18mm',-13.2038
14.7,g1='12.5mm' lw='1.75mm' slot_length='18mm',-13.0458
14.8,g1='12.5mm' lw='1.75mm' slot_length='18mm',-12.8925
14.9,g1='12.5mm' lw='1.75mm' slot_length='18mm',-12.7437
15,g1='12.5mm' lw='1.75mm' slot_length='18mm',-12.5992
1,g1='16.5mm' lw='1.75mm' slot_length='18mm',-11.9542
1.1,g1='16.5mm' lw='1.75mm' slot_length='18mm',-11.469
1.2,g1='16.5mm' lw='1.75mm' slot_length='18mm',-10.5456
1.3,g1='16.5mm' lw='1.75mm' slot_length='18mm',-8.09984
1.4,g1='16.5mm' lw='1.75mm' slot_length='18mm',-0.257996
1.5,g1='16.5mm' lw='1.75mm' slot_length='18mm',-23.6287
1.6,g1='16.5mm' lw='1.75mm' slot_length='18mm',-17.5301
1.7,g1='16.5mm' lw='1.75mm' slot_length='18mm',-16.0397
1.8,g1='16.5mm' lw='1.75mm' slot_length='18mm',-15.3558
1.9,g1='16.5mm' lw='1.75mm' slot_length='18mm',-14.9593
2,g1='16.5mm' lw='1.75mm' slot_length='18mm',-14.698
2.1,g1='16.5mm' lw='1.75mm' slot_length='18mm',-14.5107
2.2,g1='16.5mm' lw='1.75mm' slot_length='18mm',-14.3682
2.3,g1='16.5mm' lw='1.75mm' slot_length='18mm',-14.2546
2.4,g1='16.5mm' lw='1.75mm' slot_length='18mm',-14.1607
2.5,g1='16.5mm' lw='1.75mm' slot_length='18mm',-14.0808
2.6,g1='16.5mm' lw='1.75mm' slot_length='18mm',-14.0112
2.7,g1='16.5mm' lw='1.75mm' slot_length='18mm',-13.9493
2.8,g1='16.5mm' lw='1.75mm' slot_length='18mm',-13.8936
2.9,g1='16.5mm' lw='1.75mm' slot_length='18mm',-13.8428
3,g1='16.5mm' lw='1.75mm' slot_length='18mm',-13.7963
3.1,g1='16.5mm' lw='1.75mm' slot_length='18mm',-13.7534
3.2,g1='16.5mm' lw='1.75mm' slot_length='18mm',-13.7139
3.3,g1='16.5mm' lw='1.75mm' slot_length='18mm',-13.6772
3.4,g1='16.5mm' lw='1.75mm' slot_length='18mm',-13.6428
3.5,g1='16.5mm' lw='1.75mm' slot_length='18mm',-13.61
3.6,g1='16.5mm' lw='1.75mm' slot_length='18mm',-13.5779
3.7,g1='16.5mm' lw='1.75mm' slot_length='18mm',-13.5457
3.8,g1='16.5mm' lw='1.75mm' slot_length='18mm',-13.5124
3.9,g1='16.5mm' lw='1.75mm' slot_length='18mm',-13.4775
4,g1='16.5mm' lw='1.75mm' slot_length='18mm',-13.4406
4.1,g1='16.5mm' lw='1.75mm' slot_length='18mm',-13.4015
4.2,g1='16.5mm' lw='1.75mm' slot_length='18mm',-13.3602
4.3,g1='16.5mm' lw='1.75mm' slot_length='18mm',-13.3168
4.4,g1='16.5mm' lw='1.75mm' slot_length='18mm',-13.2713
4.5,g1='16.5mm' lw='1.75mm' slot_length='18mm',-13.2237
4.6,g1='16.5mm' lw='1.75mm' slot_length='18mm',-13.1741
4.7,g1='16.5mm' lw='1.75mm' slot_length='18mm',-13.1224
4.8,g1='16.5mm' lw='1.75mm' slot_length='18mm',-13.0685
4.9,g1='16.5mm' lw='1.75mm' slot_length='18mm',-13.0125
5,g1='16.5mm' lw='1.75mm' slot_length='18mm',-12.9541
5.1,g1='16.5mm' lw='1.75mm' slot_length='18mm',-12.8932
5.2,g1='16.5mm' lw='1.75mm' slot_length='18mm',-12.8297
5.3,g1='16.5mm' lw='1.75mm' slot_length='18mm',-12.7633
5.4,g1='16.5mm' lw='1.75mm' slot_length='18mm',-12.6939
5.5,g1='16.5mm' lw='1.75mm' slot_length='18mm',-12.6211
5.6,g1='16.5mm' lw='1.75mm' slot_length='18mm',-12.5447
5.7,g1='16.5mm' lw='1.75mm' slot_length='18mm',-12.4643
5.8,g1='16.5mm' lw='1.75mm' slot_length='18mm',-12.3796
5.9,g1='16.5mm' lw='1.75mm' slot_length='18mm',-12.2901
6,g1='16.5mm' lw='1.75mm' slot_length='18mm',-12.1953
6.1,g1='16.5mm' lw='1.75mm' slot_length='18mm',-12.0946
6.2,g1='16.5mm' lw='1.75mm' slot_length='18mm',-11.9875
6.3,g1='16.5mm' lw='1.75mm' slot_length='18mm',-11.8731
6.4,g1='16.5mm' lw='1.75mm' slot_length='18mm',-11.7506
6.5,g1='16.5mm' lw='1.75mm' slot_length='18mm',-11.6191
6.6,g1='16.5mm' lw='1.75mm' slot_length='18mm',-11.4775
6.7,g1='16.5mm' lw='1.75mm' slot_length='18mm',-11.3244
6.8,g1='16.5mm' lw='1.75mm' slot_length='18mm',-11.1582
6.9,g1='16.5mm' lw='1.75mm' slot_length='18mm',-10.9758
7,g1='16.5mm' lw='1.75mm' slot_length='18mm',-10.7703
7.1,g1='16.5mm' lw='1.75mm' slot_length='18mm',-10.5272
7.2,g1='16.5mm' lw='1.75mm' slot_length='18mm',-10.2353
7.3,g1='16.5mm' lw='1.75mm' slot_length='18mm',-9.90183
7.4,g1='16.5mm' lw='1.75mm' slot_length='18mm',-9.52773
7.5,g1='16.5mm' lw='1.75mm' slot_length='18mm',-9.09736
7.6,g1='16.5mm' lw='1.75mm' slot_length='18mm',-8.5867
7.7,g1='16.5mm' lw='1.75mm' slot_length='18mm',-7.9635
7.8,g1='16.5mm' lw='1.75mm' slot_length='18mm',-7.18133
7.9,g1='16.5mm' lw='1.75mm' slot_length='18mm',-6.17129
8,g1='16.5mm' lw='1.75mm' slot_length='18mm',-4.8398
8.1,g1='16.5mm' lw='1.75mm' slot_length='18mm',-3.14788
8.2,g1='16.5mm' lw='1.75mm' slot_length='18mm',-1.75285
8.3,g1='16.5mm' lw='1.75mm' slot_length='18mm',-3.2872
8.4,g1='16.5mm' lw='1.75mm' slot_length='18mm',-7.75604
8.5,g1='16.5mm' lw='1.75mm' slot_length='18mm',-12.4133
8.6,g1='16.5mm' lw='1.75mm' slot_length='18mm',-16.1036
8.7,g1='16.5mm' lw='1.75mm' slot_length='18mm',-18.011
8.8,g1='16.5mm' lw='1.75mm' slot_length='18mm',-18.1752
8.9,g1='16.5mm' lw='1.75mm' slot_length='18mm',-17.5431
9,g1='16.5mm' lw='1.75mm' slot_length='18mm',-16.7543
9.1,g1='16.5mm' lw='1.75mm' slot_length='18mm',-16.016
9.2,g1='16.5mm' lw='1.75mm' slot_length='18mm',-15.3678
9.3,g1='16.5mm' lw='1.75mm' slot_length='18mm',-14.8047
9.4,g1='16.5mm' lw='1.75mm' slot_length='18mm',-14.3128
9.5,g1='16.5mm' lw='1.75mm' slot_length='18mm',-13.8799
9.6,g1='16.5mm' lw='1.75mm' slot_length='18mm',-13.4963
9.7,g1='16.5mm' lw='1.75mm' slot_length='18mm',-13.1559
9.8,g1='16.5mm' lw='1.75mm' slot_length='18mm',-12.8556
9.9,g1='16.5mm' lw='1.75mm' slot_length='18mm',-12.5962
10,g1='16.5mm' lw='1.75mm' slot_length='18mm',-12.3835
10.1,g1='16.5mm' lw='1.75mm' slot_length='18mm',-12.2299
10.2,g1='16.5mm' lw='1.75mm' slot_length='18mm',-12.1574
10.3,g1='16.5mm' lw='1.75mm' slot_length='18mm',-12.199
10.4,g1='16.5mm' lw='1.75mm' slot_length='18mm',-12.3987
10.5,g1='16.5mm' lw='1.75mm' slot_length='18mm',-12.8043
10.6,g1='16.5mm' lw='1.75mm' slot_length='18mm',-13.4513
10.7,g1='16.5mm' lw='1.75mm' slot_length='18mm',-14.3399
10.8,g1='16.5mm' lw='1.75mm' slot_length='18mm',-15.4128
10.9,g1='16.5mm' lw='1.75mm' slot_length='18mm',-16.5489
11,g1='16.5mm' lw='1.75mm' slot_length='18mm',-17.5807
11.1,g1='16.5mm' lw='1.75mm' slot_length='18mm',-18.3433
11.2,g1='16.5mm' lw='1.75mm' slot_length='18mm',-18.7462
11.3,g1='16.5mm' lw='1.75mm' slot_length='18mm',-18.81
11.4,g1='16.5mm' lw='1.75mm' slot_length='18mm',-18.6292
11.5,g1='16.5mm' lw='1.75mm' slot_length='18mm',-18.3081
11.6,g1='16.5mm' lw='1.75mm' slot_length='18mm',-17.9238
11.7,g1='16.5mm' lw='1.75mm' slot_length='18mm',-17.5223
11.8,g1='16.5mm' lw='1.75mm' slot_length='18mm',-17.1276
11.9,g1='16.5mm' lw='1.75mm' slot_length='18mm',-16.7503
12,g1='16.5mm' lw='1.75mm' slot_length='18mm',-16.3939
12.1,g1='16.5mm' lw='1.75mm' slot_length='18mm',-16.0583
12.2,g1='16.5mm' lw='1.75mm' slot_length='18mm',-15.742
12.3,g1='16.5mm' lw='1.75mm' slot_length='18mm',-15.4424
12.4,g1='16.5mm' lw='1.75mm' slot_length='18mm',-15.1571
12.5,g1='16.5mm' lw='1.75mm' slot_length='18mm',-14.8835
12.6,g1='16.5mm' lw='1.75mm' slot_length='18mm',-14.6195
12.7,g1='16.5mm' lw='1.75mm' slot_length='18mm',-14.3628
12.8,g1='16.5mm' lw='1.75mm' slot_length='18mm',-14.1115
12.9,g1='16.5mm' lw='1.75mm' slot_length='18mm',-13.8638
13,g1='16.5mm' lw='1.75mm' slot_length='18mm',-13.6182
13.1,g1='16.5mm' lw='1.75mm' slot_length='18mm',-13.3732
13.2,g1='16.5mm' lw='1.75mm' slot_length='18mm',-13.1276
13.3,g1='16.5mm' lw='1.75mm' slot_length='18mm',-12.8807
13.4,g1='16.5mm' lw='1.75mm' slot_length='18mm',-12.6321
13.5,g1='16.5mm' lw='1.75mm' slot_length='18mm',-12.3819
13.6,g1='16.5mm' lw='1.75mm' slot_length='18mm',-12.1315
13.7,g1='16.5mm' lw='1.75mm' slot_length='18mm',-11.8838
13.8,g1='16.5mm' lw='1.75mm' slot_length='18mm',-11.6442
13.9,g1='16.5mm' lw='1.75mm' slot_length='18mm',-11.4212
14,g1='16.5mm' lw='1.75mm' slot_length='18mm',-11.2281
14.1,g1='16.5mm' lw='1.75mm' slot_length='18mm',-11.0833
14.2,g1='16.5mm' lw='1.75mm' slot_length='18mm',-11.01
14.3,g1='16.5mm' lw='1.75mm' slot_length='18mm',-11.0323
14.4,g1='16.5mm' lw='1.75mm' slot_length='18mm',-11.168
14.5,g1='16.5mm' lw='1.75mm' slot_length='18mm',-11.4191
14.6,g1='16.5mm' lw='1.75mm' slot_length='18mm',-11.7646
14.7,g1='16.5mm' lw='1.75mm' slot_length='18mm',-12.1687
14.8,g1='16.5mm' lw='1.75mm' slot_length='18mm',-12.605
14.9,g1='16.5mm' lw='1.75mm' slot_length='18mm',-12.9602
15,g1='16.5mm' lw='1.75mm' slot_length='18mm',-13.2522
1,g1='8.5mm' lw='1.75mm' slot_length='19mm',-12.6858
1.1,g1='8.5mm' lw='1.75mm' slot_length='19mm',-12.6342
1.2,g1='8.5mm' lw='1.75mm' slot_length='19mm',-12.5727
1.3,g1='8.5mm' lw='1.75mm' slot_length='19mm',-12.4988
1.4,g1='8.5mm' lw='1.75mm' slot_length='19mm',-12.409
1.5,g1='8.5mm' lw='1.75mm' slot_length='19mm',-12.2981
1.6,g1='8.5mm' lw='1.75mm' slot_length='19mm',-12.1583
1.7,g1='8.5mm' lw='1.75mm' slot_length='19mm',-11.9774
1.8,g1='8.5mm' lw='1.75mm' slot_length='19mm',-11.7355
1.9,g1='8.5mm' lw='1.75mm' slot_length='19mm',-11.3997
2,g1='8.5mm' lw='1.75mm' slot_length='19mm',-10.9219
2.1,g1='8.5mm' lw='1.75mm' slot_length='19mm',-10.2964
2.2,g1='8.5mm' lw='1.75mm' slot_length='19mm',-10.1117
2.3,g1='8.5mm' lw='1.75mm' slot_length='19mm',-12.2496
2.4,g1='8.5mm' lw='1.75mm' slot_length='19mm',-14.3792
2.5,g1='8.5mm' lw='1.75mm' slot_length='19mm',-14.6898
2.6,g1='8.5mm' lw='1.75mm' slot_length='19mm',-14.4721
2.7,g1='8.5mm' lw='1.75mm' slot_length='19mm',-14.2129
2.8,g1='8.5mm' lw='1.75mm' slot_length='19mm',-13.9901
2.9,g1='8.5mm' lw='1.75mm' slot_length='19mm',-13.8051
3,g1='8.5mm' lw='1.75mm' slot_length='19mm',-13.6495
3.1,g1='8.5mm' lw='1.75mm' slot_length='19mm',-13.5152
3.2,g1='8.5mm' lw='1.75mm' slot_length='19mm',-13.3965
3.3,g1='8.5mm' lw='1.75mm' slot_length='19mm',-13.2895
3.4,g1='8.5mm' lw='1.75mm' slot_length='19mm',-13.1916
3.5,g1='8.5mm' lw='1.75mm' slot_length='19mm',-13.101
3.6,g1='8.5mm' lw='1.75mm' slot_length='19mm',-13.0168
3.7,g1='8.5mm' lw='1.75mm' slot_length='19mm',-12.939
3.8,g1='8.5mm' lw='1.75mm' slot_length='19mm',-12.8677
3.9,g1='8.5mm' lw='1.75mm' slot_length='19mm',-12.8038
4,g1='8.5mm' lw='1.75mm' slot_length='19mm',-12.7488
4.1,g1='8.5mm' lw='1.75mm' slot_length='19mm',-12.7042
4.2,g1='8.5mm' lw='1.75mm' slot_length='19mm',-12.6722
4.3,g1='8.5mm' lw='1.75mm' slot_length='19mm',-12.6544
4.4,g1='8.5mm' lw='1.75mm' slot_length='19mm',-12.6523
4.5,g1='8.5mm' lw='1.75mm' slot_length='19mm',-12.6665
4.6,g1='8.5mm' lw='1.75mm' slot_length='19mm',-12.6959
4.7,g1='8.5mm' lw='1.75mm' slot_length='19mm',-12.7382
4.8,g1='8.5mm' lw='1.75mm' slot_length='19mm',-12.7891
4.9,g1='8.5mm' lw='1.75mm' slot_length='19mm',-12.8434
5,g1='8.5mm' lw='1.75mm' slot_length='19mm',-12.8956
5.1,g1='8.5mm' lw='1.75mm' slot_length='19mm',-12.9402
5.2,g1='8.5mm' lw='1.75mm' slot_length='19mm',-12.973
5.3,g1='8.5mm' lw='1.75mm' slot_length='19mm',-12.9911
5.4,g1='8.5mm' lw='1.75mm' slot_length='19mm',-12.9927
5.5,g1='8.5mm' lw='1.75mm' slot_length='19mm',-12.9774
5.6,g1='8.5mm' lw='1.75mm' slot_length='19mm',-12.9452
5.7,g1='8.5mm' lw='1.75mm' slot_length='19mm',-12.8963
5.8,g1='8.5mm' lw='1.75mm' slot_length='19mm',-12.831
5.9,g1='8.5mm' lw='1.75mm' slot_length='19mm',-12.7487
6,g1='8.5mm' lw='1.75mm' slot_length='19mm',-12.6475
6.1,g1='8.5mm' lw='1.75mm' slot_length='19mm',-12.5226
6.2,g1='8.5mm' lw='1.75mm' slot_length='19mm',-12.3638
6.3,g1='8.5mm' lw='1.75mm' slot_length='19mm',-12.1492
6.4,g1='8.5mm' lw='1.75mm' slot_length='19mm',-11.834
6.5,g1='8.5mm' lw='1.75mm' slot_length='19mm',-11.3585
6.6,g1='8.5mm' lw='1.75mm' slot_length='19mm',-10.8408
6.7,g1='8.5mm' lw='1.75mm' slot_length='19mm',-10.8059
6.8,g1='8.5mm' lw='1.75mm' slot_length='19mm',-11.1294
6.9,g1='8.5mm' lw='1.75mm' slot_length='19mm',-11.3569
7,g1='8.5mm' lw='1.75mm' slot_length='19mm',-11.458
7.1,g1='8.5mm' lw='1.75mm' slot_length='19mm',-11.4978
7.2,g1='8.5mm' lw='1.75mm' slot_length='19mm',-11.521
7.3,g1='8.5mm' lw='1.75mm' slot_length='19mm',-11.555
7.4,g1='8.5mm' lw='1.75mm' slot_length='19mm',-11.6181
7.5,g1='8.5mm' lw='1.75mm' slot_length='19mm',-11.7231
7.6,g1='8.5mm' lw='1.75mm' slot_length='19mm',-11.8784
7.7,g1='8.5mm' lw='1.75mm' slot_length='19mm',-12.0866
7.8,g1='8.5mm' lw='1.75mm' slot_length='19mm',-12.344
7.9,g1='8.5mm' lw='1.75mm' slot_length='19mm',-12.6402
8,g1='8.5mm' lw='1.75mm' slot_length='19mm',-12.9594
8.1,g1='8.5mm' lw='1.75mm' slot_length='19mm',-13.2825
8.2,g1='8.5mm' lw='1.75mm' slot_length='19mm',-13.5906
8.3,g1='8.5mm' lw='1.75mm' slot_length='19mm',-13.8675
8.4,g1='8.5mm' lw='1.75mm' slot_length='19mm',-14.1016
8.5,g1='8.5mm' lw='1.75mm' slot_length='19mm',-14.2867
8.6,g1='8.5mm' lw='1.75mm' slot_length='19mm',-14.4218
8.7,g1='8.5mm' lw='1.75mm' slot_length='19mm',-14.5096
8.8,g1='8.5mm' lw='1.75mm' slot_length='19mm',-14.5556
8.9,g1='8.5mm' lw='1.75mm' slot_length='19mm',-14.5666
9,g1='8.5mm' lw='1.75mm' slot_length='19mm',-14.5499
9.1,g1='8.5mm' lw='1.75mm' slot_length='19mm',-14.5128
9.2,g1='8.5mm' lw='1.75mm' slot_length='19mm',-14.462
9.3,g1='8.5mm' lw='1.75mm' slot_length='19mm',-14.4037
9.4,g1='8.5mm' lw='1.75mm' slot_length='19mm',-14.3436
9.5,g1='8.5mm' lw='1.75mm' slot_length='19mm',-14.2864
9.6,g1='8.5mm' lw='1.75mm' slot_length='19mm',-14.2362
9.7,g1='8.5mm' lw='1.75mm' slot_length='19mm',-14.1961
9.8,g1='8.5mm' lw='1.75mm' slot_length='19mm',-14.1682
9.9,g1='8.5mm' lw='1.75mm' slot_length='19mm',-14.1534
10,g1='8.5mm' lw='1.75mm' slot_length='19mm',-14.1515
10.1,g1='8.5mm' lw='1.75mm' slot_length='19mm',-14.1612
10.2,g1='8.5mm' lw='1.75mm' slot_length='19mm',-14.1803
10.3,g1='8.5mm' lw='1.75mm' slot_length='19mm',-14.2059
10.4,g1='8.5mm' lw='1.75mm' slot_length='19mm',-14.2349
10.5,g1='8.5mm' lw='1.75mm' slot_length='19mm',-14.2642
10.6,g1='8.5mm' lw='1.75mm' slot_length='19mm',-14.291
10.7,g1='8.5mm' lw='1.75mm' slot_length='19mm',-14.3127
10.8,g1='8.5mm' lw='1.75mm' slot_length='19mm',-14.3277
10.9,g1='8.5mm' lw='1.75mm' slot_length='19mm',-14.3346
11,g1='8.5mm' lw='1.75mm' slot_length='19mm',-14.3326
11.1,g1='8.5mm' lw='1.75mm' slot_length='19mm',-14.3214
11.2,g1='8.5mm' lw='1.75mm' slot_length='19mm',-14.3008
11.3,g1='8.5mm' lw='1.75mm' slot_length='19mm',-14.2713
11.4,g1='8.5mm' lw='1.75mm' slot_length='19mm',-14.2332
11.5,g1='8.5mm' lw='1.75mm' slot_length='19mm',-14.1871
11.6,g1='8.5mm' lw='1.75mm' slot_length='19mm',-14.1337
11.7,g1='8.5mm' lw='1.75mm' slot_length='19mm',-14.0738
11.8,g1='8.5mm' lw='1.75mm' slot_length='19mm',-14.0083
11.9,g1='8.5mm' lw='1.75mm' slot_length='19mm',-13.9382
12,g1='8.5mm' lw='1.75mm' slot_length='19mm',-13.8645
12.1,g1='8.5mm' lw='1.75mm' slot_length='19mm',-13.7883
12.2,g1='8.5mm' lw='1.75mm' slot_length='19mm',-13.7108
12.3,g1='8.5mm' lw='1.75mm' slot_length='19mm',-13.6335
12.4,g1='8.5mm' lw='1.75mm' slot_length='19mm',-13.5576
12.5,g1='8.5mm' lw='1.75mm' slot_length='19mm',-13.4847
12.6,g1='8.5mm' lw='1.75mm' slot_length='19mm',-13.4159
12.7,g1='8.5mm' lw='1.75mm' slot_length='19mm',-13.3524
12.8,g1='8.5mm' lw='1.75mm' slot_length='19mm',-13.2949
12.9,g1='8.5mm' lw='1.75mm' slot_length='19mm',-13.244
13,g1='8.5mm' lw='1.75mm' slot_length='19mm',-13.1995
13.1,g1='8.5mm' lw='1.75mm' slot_length='19mm',-13.1609
13.2,g1='8.5mm' lw='1.75mm' slot_length='19mm',-13.1271
13.3,g1='8.5mm' lw='1.75mm' slot_length='19mm',-13.0967
13.4,g1='8.5mm' lw='1.75mm' slot_length='19mm',-13.0683
13.5,g1='8.5mm' lw='1.75mm' slot_length='19mm',-13.0402
13.6,g1='8.5mm' lw='1.75mm' slot_length='19mm',-13.011
13.7,g1='8.5mm' lw='1.75mm' slot_length='19mm',-12.9795
13.8,g1='8.5mm' lw='1.75mm' slot_length='19mm',-12.9446
13.9,g1='8.5mm' lw='1.75mm' slot_length='19mm',-12.9058
14,g1='8.5mm' lw='1.75mm' slot_length='19mm',-12.8626
14.1,g1='8.5mm' lw='1.75mm' slot_length='19mm',-12.815
14.2,g1='8.5mm' lw='1.75mm' slot_length='19mm',-12.7631
14.3,g1='8.5mm' lw='1.75mm' slot_length='19mm',-12.707
14.4,g1='8.5mm' lw='1.75mm' slot_length='19mm',-12.6472
14.5,g1='8.5mm' lw='1.75mm' slot_length='19mm',-12.584
14.6,g1='8.5mm' lw='1.75mm' slot_length='19mm',-12.518
14.7,g1='8.5mm' lw='1.75mm' slot_length='19mm',-12.4496
14.8,g1='8.5mm' lw='1.75mm' slot_length='19mm',-12.3794
14.9,g1='8.5mm' lw='1.75mm' slot_length='19mm',-12.3079
15,g1='8.5mm' lw='1.75mm' slot_length='19mm',-12.2355
1,g1='12.5mm' lw='1.75mm' slot_length='19mm',-12.9532
1.1,g1='12.5mm' lw='1.75mm' slot_length='19mm',-12.8377
1.2,g1='12.5mm' lw='1.75mm' slot_length='19mm',-12.6881
1.3,g1='12.5mm' lw='1.75mm' slot_length='19mm',-12.4887
1.4,g1='12.5mm' lw='1.75mm' slot_length='19mm',-12.2116
1.5,g1='12.5mm' lw='1.75mm' slot_length='19mm',-11.8028
1.6,g1='12.5mm' lw='1.75mm' slot_length='19mm',-11.1414
1.7,g1='12.5mm' lw='1.75mm' slot_length='19mm',-9.90045
1.8,g1='12.5mm' lw='1.75mm' slot_length='19mm',-6.95765
1.9,g1='12.5mm' lw='1.75mm' slot_length='19mm',-10.134
2,g1='12.5mm' lw='1.75mm' slot_length='19mm',-20.8493
2.1,g1='12.5mm' lw='1.75mm' slot_length='19mm',-18.1628
2.2,g1='12.5mm' lw='1.75mm' slot_length='19mm',-16.7433
2.3,g1='12.5mm' lw='1.75mm' slot_length='19mm',-15.996
2.4,g1='12.5mm' lw='1.75mm' slot_length='19mm',-15.5371
2.5,g1='12.5mm' lw='1.75mm' slot_length='19mm',-15.2243
2.6,g1='12.5mm' lw='1.75mm' slot_length='19mm',-14.9952
2.7,g1='12.5mm' lw='1.75mm' slot_length='19mm',-14.8183
2.8,g1='12.5mm' lw='1.75mm' slot_length='19mm',-14.6766
2.9,g1='12.5mm' lw='1.75mm' slot_length='19mm',-14.5598
3,g1='12.5mm' lw='1.75mm' slot_length='19mm',-14.462
3.1,g1='12.5mm' lw='1.75mm' slot_length='19mm',-14.3796
3.2,g1='12.5mm' lw='1.75mm' slot_length='19mm',-14.3106
3.3,g1='12.5mm' lw='1.75mm' slot_length='19mm',-14.2539
3.4,g1='12.5mm' lw='1.75mm' slot_length='19mm',-14.2091
3.5,g1='12.5mm' lw='1.75mm' slot_length='19mm',-14.1759
3.6,g1='12.5mm' lw='1.75mm' slot_length='19mm',-14.1535
3.7,g1='12.5mm' lw='1.75mm' slot_length='19mm',-14.1403
3.8,g1='12.5mm' lw='1.75mm' slot_length='19mm',-14.1339
3.9,g1='12.5mm' lw='1.75mm' slot_length='19mm',-14.131
4,g1='12.5mm' lw='1.75mm' slot_length='19mm',-14.128
4.1,g1='12.5mm' lw='1.75mm' slot_length='19mm',-14.1219
4.2,g1='12.5mm' lw='1.75mm' slot_length='19mm',-14.1103
4.3,g1='12.5mm' lw='1.75mm' slot_length='19mm',-14.0921
4.4,g1='12.5mm' lw='1.75mm' slot_length='19mm',-14.067
4.5,g1='12.5mm' lw='1.75mm' slot_length='19mm',-14.0356
4.6,g1='12.5mm' lw='1.75mm' slot_length='19mm',-13.9985
4.7,g1='12.5mm' lw='1.75mm' slot_length='19mm',-13.9564
4.8,g1='12.5mm' lw='1.75mm' slot_length='19mm',-13.9103
4.9,g1='12.5mm' lw='1.75mm' slot_length='19mm',-13.8606
5,g1='12.5mm' lw='1.75mm' slot_length='19mm',-13.808
5.1,g1='12.5mm' lw='1.75mm' slot_length='19mm',-13.7527
5.2,g1='12.5mm' lw='1.75mm' slot_length='19mm',-13.6949
5.3,g1='12.5mm' lw='1.75mm' slot_length='19mm',-13.6348
5.4,g1='12.5mm' lw='1.75mm' slot_length='19mm',-13.5723
5.5,g1='12.5mm' lw='1.75mm' slot_length='19mm',-13.5075
5.6,g1='12.5mm' lw='1.75mm' slot_length='19mm',-13.4402
5.7,g1='12.5mm' lw='1.75mm' slot_length='19mm',-13.3701
5.8,g1='12.5mm' lw='1.75mm' slot_length='19mm',-13.2971
5.9,g1='12.5mm' lw='1.75mm' slot_length='19mm',-13.2206
6,g1='12.5mm' lw='1.75mm' slot_length='19mm',-13.1402
6.1,g1='12.5mm' lw='1.75mm' slot_length='19mm',-13.0553
6.2,g1='12.5mm' lw='1.75mm' slot_length='19mm',-12.9649
6.3,g1='12.5mm' lw='1.75mm' slot_length='19mm',-12.868
6.4,g1='12.5mm' lw='1.75mm' slot_length='19mm',-12.7633
6.5,g1='12.5mm' lw='1.75mm' slot_length='19mm',-12.6497
6.6,g1='12.5mm' lw='1.75mm' slot_length='19mm',-12.5279
6.7,g1='12.5mm' lw='1.75mm' slot_length='19mm',-12.4021
6.8,g1='12.5mm' lw='1.75mm' slot_length='19mm',-12.2808
6.9,g1='12.5mm' lw='1.75mm' slot_length='19mm',-12.1707
7,g1='12.5mm' lw='1.75mm' slot_length='19mm',-12.069
7.1,g1='12.5mm' lw='1.75mm' slot_length='19mm',-11.9662
7.2,g1='12.5mm' lw='1.75mm' slot_length='19mm',-11.8548
7.3,g1='12.5mm' lw='1.75mm' slot_length='19mm',-11.7314
7.4,g1='12.5mm' lw='1.75mm' slot_length='19mm',-11.5951
7.5,g1='12.5mm' lw='1.75mm' slot_length='19mm',-11.4462
7.6,g1='12.5mm' lw='1.75mm' slot_length='19mm',-11.2848
7.7,g1='12.5mm' lw='1.75mm' slot_length='19mm',-11.111
7.8,g1='12.5mm' lw='1.75mm' slot_length='19mm',-10.925
7.9,g1='12.5mm' lw='1.75mm' slot_length='19mm',-10.7271
8,g1='12.5mm' lw='1.75mm' slot_length='19mm',-10.5179
8.1,g1='12.5mm' lw='1.75mm' slot_length='19mm',-10.2986
8.2,g1='12.5mm' lw='1.75mm' slot_length='19mm',-10.071
8.3,g1='12.5mm' lw='1.75mm' slot_length='19mm',-9.83827
8.4,g1='12.5mm' lw='1.75mm' slot_length='19mm',-9.60458
8.5,g1='12.5mm' lw='1.75mm' slot_length='19mm',-9.37572
8.6,g1='12.5mm' lw='1.75mm' slot_length='19mm',-9.15905
8.7,g1='12.5mm' lw='1.75mm' slot_length='19mm',-8.9635
8.8,g1='12.5mm' lw='1.75mm' slot_length='19mm',-8.79959
8.9,g1='12.5mm' lw='1.75mm' slot_length='19mm',-8.67952
9,g1='12.5mm' lw='1.75mm' slot_length='19mm',-8.61773
9.1,g1='12.5mm' lw='1.75mm' slot_length='19mm',-8.63162
9.2,g1='12.5mm' lw='1.75mm' slot_length='19mm',-8.74219
9.3,g1='12.5mm' lw='1.75mm' slot_length='19mm',-8.97317
9.4,g1='12.5mm' lw='1.75mm' slot_length='19mm',-9.34745
9.5,g1='12.5mm' lw='1.75mm' slot_length='19mm',-9.88036
9.6,g1='12.5mm' lw='1.75mm' slot_length='19mm',-10.5716
9.7,g1='12.5mm' lw='1.75mm' slot_length='19mm',-11.3996
9.8,g1='12.5mm' lw='1.75mm' slot_length='19mm',-12.322
9.9,g1='12.5mm' lw='1.75mm' slot_length='19mm',-13.2807
10,g1='12.5mm' lw='1.75mm' slot_length='19mm',-14.2118
10.1,g1='12.5mm' lw='1.75mm' slot_length='19mm',-15.0544
10.2,g1='12.5mm' lw='1.75mm' slot_length='19mm',-15.761
10.3,g1='12.5mm' lw='1.75mm' slot_length='19mm',-16.3044
10.4,g1='12.5mm' lw='1.75mm' slot_length='19mm',-16.6805
10.5,g1='12.5mm' lw='1.75mm' slot_length='19mm',-16.905
10.6,g1='12.5mm' lw='1.75mm' slot_length='19mm',-17.0052
10.7,g1='12.5mm' lw='1.75mm' slot_length='19mm',-17.0118
10.8,g1='12.5mm' lw='1.75mm' slot_length='19mm',-16.9532
10.9,g1='12.5mm' lw='1.75mm' slot_length='19mm',-16.853
11,g1='12.5mm' lw='1.75mm' slot_length='19mm',-16.7294
11.1,g1='12.5mm' lw='1.75mm' slot_length='19mm',-16.5964
11.2,g1='12.5mm' lw='1.75mm' slot_length='19mm',-16.4644
11.3,g1='12.5mm' lw='1.75mm' slot_length='19mm',-16.3418
11.4,g1='12.5mm' lw='1.75mm' slot_length='19mm',-16.2359
11.5,g1='12.5mm' lw='1.75mm' slot_length='19mm',-16.1532
11.6,g1='12.5mm' lw='1.75mm' slot_length='19mm',-16.0996
11.7,g1='12.5mm' lw='1.75mm' slot_length='19mm',-16.0808
11.8,g1='12.5mm' lw='1.75mm' slot_length='19mm',-16.1011
11.9,g1='12.5mm' lw='1.75mm' slot_length='19mm',-16.1625
12,g1='12.5mm' lw='1.75mm' slot_length='19mm',-16.2631
12.1,g1='12.5mm' lw='1.75mm' slot_length='19mm',-16.3957
12.2,g1='12.5mm' lw='1.75mm' slot_length='19mm',-16.5466
12.3,g1='12.5mm' lw='1.75mm' slot_length='19mm',-16.6971
12.4,g1='12.5mm' lw='1.75mm' slot_length='19mm',-16.8262
12.5,g1='12.5mm' lw='1.75mm' slot_length='19mm',-16.9153
12.6,g1='12.5mm' lw='1.75mm' slot_length='19mm',-16.9521
12.7,g1='12.5mm' lw='1.75mm' slot_length='19mm',-16.9325
12.8,g1='12.5mm' lw='1.75mm' slot_length='19mm',-16.8601
12.9,g1='12.5mm' lw='1.75mm' slot_length='19mm',-16.7432
13,g1='12.5mm' lw='1.75mm' slot_length='19mm',-16.5921
13.1,g1='12.5mm' lw='1.75mm' slot_length='19mm',-16.4167
13.2,g1='12.5mm' lw='1.75mm' slot_length='19mm',-16.2256
13.3,g1='12.5mm' lw='1.75mm' slot_length='19mm',-16.0254
13.4,g1='12.5mm' lw='1.75mm' slot_length='19mm',-15.8209
13.5,g1='12.5mm' lw='1.75mm' slot_length='19mm',-15.6154
13.6,g1='12.5mm' lw='1.75mm' slot_length='19mm',-15.4112
13.7,g1='12.5mm' lw='1.75mm' slot_length='19mm',-15.2098
13.8,g1='12.5mm' lw='1.75mm' slot_length='19mm',-15.0121
13.9,g1='12.5mm' lw='1.75mm' slot_length='19mm',-14.8187
14,g1='12.5mm' lw='1.75mm' slot_length='19mm',-14.6299
14.1,g1='12.5mm' lw='1.75mm' slot_length='19mm',-14.4459
14.2,g1='12.5mm' lw='1.75mm' slot_length='19mm',-14.267
14.3,g1='12.5mm' lw='1.75mm' slot_length='19mm',-14.0932
14.4,g1='12.5mm' lw='1.75mm' slot_length='19mm',-13.9246
14.5,g1='12.5mm' lw='1.75mm' slot_length='19mm',-13.7614
14.6,g1='12.5mm' lw='1.75mm' slot_length='19mm',-13.6036
14.7,g1='12.5mm' lw='1.75mm' slot_length='19mm',-13.4514
14.8,g1='12.5mm' lw='1.75mm' slot_length='19mm',-13.3047
14.9,g1='12.5mm' lw='1.75mm' slot_length='19mm',-13.1638
15,g1='12.5mm' lw='1.75mm' slot_length='19mm',-13.0285
1,g1='16.5mm' lw='1.75mm' slot_length='19mm',-12.028
1.1,g1='16.5mm' lw='1.75mm' slot_length='19mm',-11.5467
1.2,g1='16.5mm' lw='1.75mm' slot_length='19mm',-10.6327
1.3,g1='16.5mm' lw='1.75mm' slot_length='19mm',-8.22556
1.4,g1='16.5mm' lw='1.75mm' slot_length='19mm',0.275814
1.5,g1='16.5mm' lw='1.75mm' slot_length='19mm',-23.8308
1.6,g1='16.5mm' lw='1.75mm' slot_length='19mm',-17.6125
1.7,g1='16.5mm' lw='1.75mm' slot_length='19mm',-16.1107
1.8,g1='16.5mm' lw='1.75mm' slot_length='19mm',-15.4238
1.9,g1='16.5mm' lw='1.75mm' slot_length='19mm',-15.0262
2,g1='16.5mm' lw='1.75mm' slot_length='19mm',-14.7645
2.1,g1='16.5mm' lw='1.75mm' slot_length='19mm',-14.5769
2.2,g1='16.5mm' lw='1.75mm' slot_length='19mm',-14.4343
2.3,g1='16.5mm' lw='1.75mm' slot_length='19mm',-14.3206
2.4,g1='16.5mm' lw='1.75mm' slot_length='19mm',-14.2266
2.5,g1='16.5mm' lw='1.75mm' slot_length='19mm',-14.1467
2.6,g1='16.5mm' lw='1.75mm' slot_length='19mm',-14.077
2.7,g1='16.5mm' lw='1.75mm' slot_length='19mm',-14.015
2.8,g1='16.5mm' lw='1.75mm' slot_length='19mm',-13.9592
2.9,g1='16.5mm' lw='1.75mm' slot_length='19mm',-13.9084
3,g1='16.5mm' lw='1.75mm' slot_length='19mm',-13.8618
3.1,g1='16.5mm' lw='1.75mm' slot_length='19mm',-13.819
3.2,g1='16.5mm' lw='1.75mm' slot_length='19mm',-13.7796
3.3,g1='16.5mm' lw='1.75mm' slot_length='19mm',-13.7431
3.4,g1='16.5mm' lw='1.75mm' slot_length='19mm',-13.709
3.5,g1='16.5mm' lw='1.75mm' slot_length='19mm',-13.6765
3.6,g1='16.5mm' lw='1.75mm' slot_length='19mm',-13.6447
3.7,g1='16.5mm' lw='1.75mm' slot_length='19mm',-13.6126
3.8,g1='16.5mm' lw='1.75mm' slot_length='19mm',-13.5794
3.9,g1='16.5mm' lw='1.75mm' slot_length='19mm',-13.5446
4,g1='16.5mm' lw='1.75mm' slot_length='19mm',-13.5077
4.1,g1='16.5mm' lw='1.75mm' slot_length='19mm',-13.4687
4.2,g1='16.5mm' lw='1.75mm' slot_length='19mm',-13.4275
4.3,g1='16.5mm' lw='1.75mm' slot_length='19mm',-13.3842
4.4,g1='16.5mm' lw='1.75mm' slot_length='19mm',-13.3388
4.5,g1='16.5mm' lw='1.75mm' slot_length='19mm',-13.2913
4.6,g1='16.5mm' lw='1.75mm' slot_length='19mm',-13.2418
4.7,g1='16.5mm' lw='1.75mm' slot_length='19mm',-13.1902
4.8,g1='16.5mm' lw='1.75mm' slot_length='19mm',-13.1364
4.9,g1='16.5mm' lw='1.75mm' slot_length='19mm',-13.0805
5,g1='16.5mm' lw='1.75mm' slot_length='19mm',-13.0221
5.1,g1='16.5mm' lw='1.75mm' slot_length='19mm',-12.9613
5.2,g1='16.5mm' lw='1.75mm' slot_length='19mm',-12.8979
5.3,g1='16.5mm' lw='1.75mm' slot_length='19mm',-12.8316
5.4,g1='16.5mm' lw='1.75mm' slot_length='19mm',-12.7622
5.5,g1='16.5mm' lw='1.75mm' slot_length='19mm',-12.6894
5.6,g1='16.5mm' lw='1.75mm' slot_length='19mm',-12.6131
5.7,g1='16.5mm' lw='1.75mm' slot_length='19mm',-12.5329
5.8,g1='16.5mm' lw='1.75mm' slot_length='19mm',-12.4485
5.9,g1='16.5mm' lw='1.75mm' slot_length='19mm',-12.3597
6,g1='16.5mm' lw='1.75mm' slot_length='19mm',-12.2663
6.1,g1='16.5mm' lw='1.75mm' slot_length='19mm',-12.1684
6.2,g1='16.5mm' lw='1.75mm' slot_length='19mm',-12.0671
6.3,g1='16.5mm' lw='1.75mm' slot_length='19mm',-11.9638
6.4,g1='16.5mm' lw='1.75mm' slot_length='19mm',-11.8401
6.5,g1='16.5mm' lw='1.75mm' slot_length='19mm',-11.6672
6.6,g1='16.5mm' lw='1.75mm' slot_length='19mm',-11.5073
6.7,g1='16.5mm' lw='1.75mm' slot_length='19mm',-11.346
6.8,g1='16.5mm' lw='1.75mm' slot_length='19mm',-11.1713
6.9,g1='16.5mm' lw='1.75mm' slot_length='19mm',-10.9786
7,g1='16.5mm' lw='1.75mm' slot_length='19mm',-10.7642
7.1,g1='16.5mm' lw='1.75mm' slot_length='19mm',-10.5238
7.2,g1='16.5mm' lw='1.75mm' slot_length='19mm',-10.2515
7.3,g1='16.5mm' lw='1.75mm' slot_length='19mm',-9.93964
7.4,g1='16.5mm' lw='1.75mm' slot_length='19mm',-9.57784
7.5,g1='16.5mm' lw='1.75mm' slot_length='19mm',-9.15152
7.6,g1='16.5mm' lw='1.75mm' slot_length='19mm',-8.63988
7.7,g1='16.5mm' lw='1.75mm' slot_length='19mm',-8.01233
7.8,g1='16.5mm' lw='1.75mm' slot_length='19mm',-7.223
7.9,g1='16.5mm' lw='1.75mm' slot_length='19mm',-6.2032
8,g1='16.5mm' lw='1.75mm' slot_length='19mm',-4.86205
8.1,g1='16.5mm' lw='1.75mm' slot_length='19mm',-3.17999
8.2,g1='16.5mm' lw='1.75mm' slot_length='19mm',-1.90336
8.3,g1='16.5mm' lw='1.75mm' slot_length='19mm',-3.65082
8.4,g1='16.5mm' lw='1.75mm' slot_length='19mm',-8.14102
8.5,g1='16.5mm' lw='1.75mm' slot_length='19mm',-12.74
8.6,g1='16.5mm' lw='1.75mm' slot_length='19mm',-16.337
8.7,g1='16.5mm' lw='1.75mm' slot_length='19mm',-18.1309
8.8,g1='16.5mm' lw='1.75mm' slot_length='19mm',-18.2302
8.9,g1='16.5mm' lw='1.75mm' slot_length='19mm',-17.5838
9,g1='16.5mm' lw='1.75mm' slot_length='19mm',-16.7993
9.1,g1='16.5mm' lw='1.75mm' slot_length='19mm',-16.0695
9.2,g1='16.5mm' lw='1.75mm' slot_length='19mm',-15.4301
9.3,g1='16.5mm' lw='1.75mm' slot_length='19mm',-14.8751
9.4,g1='16.5mm' lw='1.75mm' slot_length='19mm',-14.3909
9.5,g1='16.5mm' lw='1.75mm' slot_length='19mm',-13.9652
9.6,g1='16.5mm' lw='1.75mm' slot_length='19mm',-13.5888
9.7,g1='16.5mm' lw='1.75mm' slot_length='19mm',-13.2554
9.8,g1='16.5mm' lw='1.75mm' slot_length='19mm',-12.9618
9.9,g1='16.5mm' lw='1.75mm' slot_length='19mm',-12.7086
10,g1='16.5mm' lw='1.75mm' slot_length='19mm',-12.501
10.1,g1='16.5mm' lw='1.75mm' slot_length='19mm',-12.3506
10.2,g1='16.5mm' lw='1.75mm' slot_length='19mm',-12.2781
10.3,g1='16.5mm' lw='1.75mm' slot_length='19mm',-12.3148
10.4,g1='16.5mm' lw='1.75mm' slot_length='19mm',-12.5024
10.5,g1='16.5mm' lw='1.75mm' slot_length='19mm',-12.8873
10.6,g1='16.5mm' lw='1.75mm' slot_length='19mm',-13.5051
10.7,g1='16.5mm' lw='1.75mm' slot_length='19mm',-14.3584
10.8,g1='16.5mm' lw='1.75mm' slot_length='19mm',-15.3956
10.9,g1='16.5mm' lw='1.75mm' slot_length='19mm',-16.5033
11,g1='16.5mm' lw='1.75mm' slot_length='19mm',-17.5216
11.1,g1='16.5mm' lw='1.75mm' slot_length='19mm',-18.2899
11.2,g1='16.5mm' lw='1.75mm' slot_length='19mm',-18.7146
11.3,g1='16.5mm' lw='1.75mm' slot_length='19mm',-18.8067
11.4,g1='16.5mm' lw='1.75mm' slot_length='19mm',-18.6521
11.5,g1='16.5mm' lw='1.75mm' slot_length='19mm',-18.3511
11.6,g1='16.5mm' lw='1.75mm' slot_length='19mm',-17.9807
11.7,g1='16.5mm' lw='1.75mm' slot_length='19mm',-17.5883
11.8,g1='16.5mm' lw='1.75mm' slot_length='19mm',-17.1991
11.9,g1='16.5mm' lw='1.75mm' slot_length='19mm',-16.825
12,g1='16.5mm' lw='1.75mm' slot_length='19mm',-16.4701
12.1,g1='16.5mm' lw='1.75mm' slot_length='19mm',-16.135
12.2,g1='16.5mm' lw='1.75mm' slot_length='19mm',-15.8183
12.3,g1='16.5mm' lw='1.75mm' slot_length='19mm',-15.5179
12.4,g1='16.5mm' lw='1.75mm' slot_length='19mm',-15.2313
12.5,g1='16.5mm' lw='1.75mm' slot_length='19mm',-14.9563
12.6,g1='16.5mm' lw='1.75mm' slot_length='19mm',-14.6905
12.7,g1='16.5mm' lw='1.75mm' slot_length='19mm',-14.432
12.8,g1='16.5mm' lw='1.75mm' slot_length='19mm',-14.1789
12.9,g1='16.5mm' lw='1.75mm' slot_length='19mm',-13.9294
13,g1='16.5mm' lw='1.75mm' slot_length='19mm',-13.6821
13.1,g1='16.5mm' lw='1.75mm' slot_length='19mm',-13.4359
13.2,g1='16.5mm' lw='1.75mm' slot_length='19mm',-13.1897
13.3,g1='16.5mm' lw='1.75mm' slot_length='19mm',-12.9429
13.4,g1='16.5mm' lw='1.75mm' slot_length='19mm',-12.6956
13.5,g1='16.5mm' lw='1.75mm' slot_length='19mm',-12.4485
13.6,g1='16.5mm' lw='1.75mm' slot_length='19mm',-12.2037
13.7,g1='16.5mm' lw='1.75mm' slot_length='19mm',-11.9647
13.8,g1='16.5mm' lw='1.75mm' slot_length='19mm',-11.7377
13.9,g1='16.5mm' lw='1.75mm' slot_length='19mm',-11.532
14,g1='16.5mm' lw='1.75mm' slot_length='19mm',-11.3608
14.1,g1='16.5mm' lw='1.75mm' slot_length='19mm',-11.2413
14.2,g1='16.5mm' lw='1.75mm' slot_length='19mm',-11.1936
14.3,g1='16.5mm' lw='1.75mm' slot_length='19mm',-11.2362
14.4,g1='16.5mm' lw='1.75mm' slot_length='19mm',-11.3808
14.5,g1='16.5mm' lw='1.75mm' slot_length='19mm',-11.6244
14.6,g1='16.5mm' lw='1.75mm' slot_length='19mm',-11.9469
14.7,g1='16.5mm' lw='1.75mm' slot_length='19mm',-12.313
14.8,g1='16.5mm' lw='1.75mm' slot_length='19mm',-12.6812
14.9,g1='16.5mm' lw='1.75mm' slot_length='19mm',-13.014
15,g1='16.5mm' lw='1.75mm' slot_length='19mm',-13.2847
1,g1='8.5mm' lw='1.75mm' slot_length='20mm',-12.6515
1.1,g1='8.5mm' lw='1.75mm' slot_length='20mm',-12.5997
1.2,g1='8.5mm' lw='1.75mm' slot_length='20mm',-12.5378
1.3,g1='8.5mm' lw='1.75mm' slot_length='20mm',-12.4635
1.4,g1='8.5mm' lw='1.75mm' slot_length='20mm',-12.3732
1.5,g1='8.5mm' lw='1.75mm' slot_length='20mm',-12.2618
1.6,g1='8.5mm' lw='1.75mm' slot_length='20mm',-12.1213
1.7,g1='8.5mm' lw='1.75mm' slot_length='20mm',-11.9396
1.8,g1='8.5mm' lw='1.75mm' slot_length='20mm',-11.6964
1.9,g1='8.5mm' lw='1.75mm' slot_length='20mm',-11.359
2,g1='8.5mm' lw='1.75mm' slot_length='20mm',-10.8784
2.1,g1='8.5mm' lw='1.75mm' slot_length='20mm',-10.2481
2.2,g1='8.5mm' lw='1.75mm' slot_length='20mm',-10.0581
2.3,g1='8.5mm' lw='1.75mm' slot_length='20mm',-12.2116
2.4,g1='8.5mm' lw='1.75mm' slot_length='20mm',-14.3555
2.5,g1='8.5mm' lw='1.75mm' slot_length='20mm',-14.6644
2.6,g1='8.5mm' lw='1.75mm' slot_length='20mm',-14.4434
2.7,g1='8.5mm' lw='1.75mm' slot_length='20mm',-14.1817
2.8,g1='8.5mm' lw='1.75mm' slot_length='20mm',-13.9571
2.9,g1='8.5mm' lw='1.75mm' slot_length='20mm',-13.7707
3,g1='8.5mm' lw='1.75mm' slot_length='20mm',-13.6137
3.1,g1='8.5mm' lw='1.75mm' slot_length='20mm',-13.4781
3.2,g1='8.5mm' lw='1.75mm' slot_length='20mm',-13.3582
3.3,g1='8.5mm' lw='1.75mm' slot_length='20mm',-13.25
3.4,g1='8.5mm' lw='1.75mm' slot_length='20mm',-13.1506
3.5,g1='8.5mm' lw='1.75mm' slot_length='20mm',-13.0586
3.6,g1='8.5mm' lw='1.75mm' slot_length='20mm',-12.9729
3.7,g1='8.5mm' lw='1.75mm' slot_length='20mm',-12.8934
3.8,g1='8.5mm' lw='1.75mm' slot_length='20mm',-12.8205
3.9,g1='8.5mm' lw='1.75mm' slot_length='20mm',-12.7552
4,g1='8.5mm' lw='1.75mm' slot_length='20mm',-12.6989
4.1,g1='8.5mm' lw='1.75mm' slot_length='20mm',-12.6537
4.2,g1='8.5mm' lw='1.75mm' slot_length='20mm',-12.622
4.3,g1='8.5mm' lw='1.75mm' slot_length='20mm',-12.6062
4.4,g1='8.5mm' lw='1.75mm' slot_length='20mm',-12.6082
4.5,g1='8.5mm' lw='1.75mm' slot_length='20mm',-12.6292
4.6,g1='8.5mm' lw='1.75mm' slot_length='20mm',-12.6686
4.7,g1='8.5mm' lw='1.75mm' slot_length='20mm',-12.7241
4.8,g1='8.5mm' lw='1.75mm' slot_length='20mm',-12.7913
4.9,g1='8.5mm' lw='1.75mm' slot_length='20mm',-12.8645
5,g1='8.5mm' lw='1.75mm' slot_length='20mm',-12.9369
5.1,g1='8.5mm' lw='1.75mm' slot_length='20mm',-13.0024
5.2,g1='8.5mm' lw='1.75mm' slot_length='20mm',-13.0557
5.3,g1='8.5mm' lw='1.75mm' slot_length='20mm',-13.0928
5.4,g1='8.5mm' lw='1.75mm' slot_length='20mm',-13.111
5.5,g1='8.5mm' lw='1.75mm' slot_length='20mm',-13.1079
5.6,g1='8.5mm' lw='1.75mm' slot_length='20mm',-13.0799
5.7,g1='8.5mm' lw='1.75mm' slot_length='20mm',-13.0197
5.8,g1='8.5mm' lw='1.75mm' slot_length='20mm',-12.911
5.9,g1='8.5mm' lw='1.75mm' slot_length='20mm',-12.7189
6,g1='8.5mm' lw='1.75mm' slot_length='20mm',-12.3826
6.1,g1='8.5mm' lw='1.75mm' slot_length='20mm',-11.8703
6.2,g1='8.5mm' lw='1.75mm' slot_length='20mm',-11.3804
6.3,g1='8.5mm' lw='1.75mm' slot_length='20mm',-11.2265
6.4,g1='8.5mm' lw='1.75mm' slot_length='20mm',-11.3173
6.5,g1='8.5mm' lw='1.75mm' slot_length='20mm',-11.4353
6.6,g1='8.5mm' lw='1.75mm' slot_length='20mm',-11.5078
6.7,g1='8.5mm' lw='1.75mm' slot_length='20mm',-11.535
6.8,g1='8.5mm' lw='1.75mm' slot_length='20mm',-11.5315
6.9,g1='8.5mm' lw='1.75mm' slot_length='20mm',-11.5111
7,g1='8.5mm' lw='1.75mm' slot_length='20mm',-11.4858
7.1,g1='8.5mm' lw='1.75mm' slot_length='20mm',-11.4661
7.2,g1='8.5mm' lw='1.75mm' slot_length='20mm',-11.4622
7.3,g1='8.5mm' lw='1.75mm' slot_length='20mm',-11.4846
7.4,g1='8.5mm' lw='1.75mm' slot_length='20mm',-11.5433
7.5,g1='8.5mm' lw='1.75mm' slot_length='20mm',-11.6474
7.6,g1='8.5mm' lw='1.75mm' slot_length='20mm',-11.8034
7.7,g1='8.5mm' lw='1.75mm' slot_length='20mm',-12.0135
7.8,g1='8.5mm' lw='1.75mm' slot_length='20mm',-12.274
7.9,g1='8.5mm' lw='1.75mm' slot_length='20mm',-12.5747
8,g1='8.5mm' lw='1.75mm' slot_length='20mm',-12.8994
8.1,g1='8.5mm' lw='1.75mm' slot_length='20mm',-13.2288
8.2,g1='8.5mm' lw='1.75mm' slot_length='20mm',-13.5432
8.3,g1='8.5mm' lw='1.75mm' slot_length='20mm',-13.8259
8.4,g1='8.5mm' lw='1.75mm' slot_length='20mm',-14.065
8.5,g1='8.5mm' lw='1.75mm' slot_length='20mm',-14.2543
8.6,g1='8.5mm' lw='1.75mm' slot_length='20mm',-14.393
8.7,g1='8.5mm' lw='1.75mm' slot_length='20mm',-14.4841
8.8,g1='8.5mm' lw='1.75mm' slot_length='20mm',-14.5332
8.9,g1='8.5mm' lw='1.75mm' slot_length='20mm',-14.5476
9,g1='8.5mm' lw='1.75mm' slot_length='20mm',-14.5343
9.1,g1='8.5mm' lw='1.75mm' slot_length='20mm',-14.5008
9.2,g1='8.5mm' lw='1.75mm' slot_length='20mm',-14.4535
9.3,g1='8.5mm' lw='1.75mm' slot_length='20mm',-14.3986
9.4,g1='8.5mm' lw='1.75mm' slot_length='20mm',-14.3416
9.5,g1='8.5mm' lw='1.75mm' slot_length='20mm',-14.2873
9.6,g1='8.5mm' lw='1.75mm' slot_length='20mm',-14.2398
9.7,g1='8.5mm' lw='1.75mm' slot_length='20mm',-14.2024
9.8,g1='8.5mm' lw='1.75mm' slot_length='20mm',-14.1773
9.9,g1='8.5mm' lw='1.75mm' slot_length='20mm',-14.1656
10,g1='8.5mm' lw='1.75mm' slot_length='20mm',-14.1669
10.1,g1='8.5mm' lw='1.75mm' slot_length='20mm',-14.1796
10.2,g1='8.5mm' lw='1.75mm' slot_length='20mm',-14.2011
10.3,g1='8.5mm' lw='1.75mm' slot_length='20mm',-14.2281
10.4,g1='8.5mm' lw='1.75mm' slot_length='20mm',-14.2571
10.5,g1='8.5mm' lw='1.75mm' slot_length='20mm',-14.2848
10.6,g1='8.5mm' lw='1.75mm' slot_length='20mm',-14.3084
10.7,g1='8.5mm' lw='1.75mm' slot_length='20mm',-14.3258
10.8,g1='8.5mm' lw='1.75mm' slot_length='20mm',-14.3355
10.9,g1='8.5mm' lw='1.75mm' slot_length='20mm',-14.3367
11,g1='8.5mm' lw='1.75mm' slot_length='20mm',-14.3289
11.1,g1='8.5mm' lw='1.75mm' slot_length='20mm',-14.3124
11.2,g1='8.5mm' lw='1.75mm' slot_length='20mm',-14.2873
11.3,g1='8.5mm' lw='1.75mm' slot_length='20mm',-14.2541
11.4,g1='8.5mm' lw='1.75mm' slot_length='20mm',-14.2133
11.5,g1='8.5mm' lw='1.75mm' slot_length='20mm',-14.1655
11.6,g1='8.5mm' lw='1.75mm' slot_length='20mm',-14.1112
11.7,g1='8.5mm' lw='1.75mm' slot_length='20mm',-14.0512
11.8,g1='8.5mm' lw='1.75mm' slot_length='20mm',-13.9861
11.9,g1='8.5mm' lw='1.75mm' slot_length='20mm',-13.9166
12,g1='8.5mm' lw='1.75mm' slot_length='20mm',-13.8436
12.1,g1='8.5mm' lw='1.75mm' slot_length='20mm',-13.7681
12.2,g1='8.5mm' lw='1.75mm' slot_length='20mm',-13.6914
12.3,g1='8.5mm' lw='1.75mm' slot_length='20mm',-13.6146
12.4,g1='8.5mm' lw='1.75mm' slot_length='20mm',-13.5392
12.5,g1='8.5mm' lw='1.75mm' slot_length='20mm',-13.4667
12.6,g1='8.5mm' lw='1.75mm' slot_length='20mm',-13.3982
12.7,g1='8.5mm' lw='1.75mm' slot_length='20mm',-13.3347
12.8,g1='8.5mm' lw='1.75mm' slot_length='20mm',-13.2769
12.9,g1='8.5mm' lw='1.75mm' slot_length='20mm',-13.2247
13,g1='8.5mm' lw='1.75mm' slot_length='20mm',-13.1777
13.1,g1='8.5mm' lw='1.75mm' slot_length='20mm',-13.1353
13.2,g1='8.5mm' lw='1.75mm' slot_length='20mm',-13.0962
13.3,g1='8.5mm' lw='1.75mm' slot_length='20mm',-13.0592
13.4,g1='8.5mm' lw='1.75mm' slot_length='20mm',-13.0231
13.5,g1='8.5mm' lw='1.75mm' slot_length='20mm',-12.9868
13.6,g1='8.5mm' lw='1.75mm' slot_length='20mm',-12.9492
13.7,g1='8.5mm' lw='1.75mm' slot_length='20mm',-12.9096
13.8,g1='8.5mm' lw='1.75mm' slot_length='20mm',-12.8673
13.9,g1='8.5mm' lw='1.75mm' slot_length='20mm',-12.822
14,g1='8.5mm' lw='1.75mm' slot_length='20mm',-12.7732
14.1,g1='8.5mm' lw='1.75mm' slot_length='20mm',-12.721
14.2,g1='8.5mm' lw='1.75mm' slot_length='20mm',-12.6653
14.3,g1='8.5mm' lw='1.75mm' slot_length='20mm',-12.606
14.4,g1='8.5mm' lw='1.75mm' slot_length='20mm',-12.5434
14.5,g1='8.5mm' lw='1.75mm' slot_length='20mm',-12.4777
14.6,g1='8.5mm' lw='1.75mm' slot_length='20mm',-12.409
14.7,g1='8.5mm' lw='1.75mm' slot_length='20mm',-12.3377
14.8,g1='8.5mm' lw='1.75mm' slot_length='20mm',-12.2642
14.9,g1='8.5mm' lw='1.75mm' slot_length='20mm',-12.1888
15,g1='8.5mm' lw='1.75mm' slot_length='20mm',-12.112
1,g1='12.5mm' lw='1.75mm' slot_length='20mm',-12.5299
1.1,g1='12.5mm' lw='1.75mm' slot_length='20mm',-12.414
1.2,g1='12.5mm' lw='1.75mm' slot_length='20mm',-12.2641
1.3,g1='12.5mm' lw='1.75mm' slot_length='20mm',-12.0642
1.4,g1='12.5mm' lw='1.75mm' slot_length='20mm',-11.7864
1.5,g1='12.5mm' lw='1.75mm' slot_length='20mm',-11.3764
1.6,g1='12.5mm' lw='1.75mm' slot_length='20mm',-10.7132
1.7,g1='12.5mm' lw='1.75mm' slot_length='20mm',-9.46832
1.8,g1='12.5mm' lw='1.75mm' slot_length='20mm',-6.51735
1.9,g1='12.5mm' lw='1.75mm' slot_length='20mm',-9.74612
2,g1='12.5mm' lw='1.75mm' slot_length='20mm',-20.4276
2.1,g1='12.5mm' lw='1.75mm' slot_length='20mm',-17.7458
2.2,g1='12.5mm' lw='1.75mm' slot_length='20mm',-16.3259
2.3,g1='12.5mm' lw='1.75mm' slot_length='20mm',-15.5779
2.4,g1='12.5mm' lw='1.75mm' slot_length='20mm',-15.1184
2.5,g1='12.5mm' lw='1.75mm' slot_length='20mm',-14.805
2.6,g1='12.5mm' lw='1.75mm' slot_length='20mm',-14.5754
2.7,g1='12.5mm' lw='1.75mm' slot_length='20mm',-14.3981
2.8,g1='12.5mm' lw='1.75mm' slot_length='20mm',-14.2558
2.9,g1='12.5mm' lw='1.75mm' slot_length='20mm',-14.1385
3,g1='12.5mm' lw='1.75mm' slot_length='20mm',-14.0401
3.1,g1='12.5mm' lw='1.75mm' slot_length='20mm',-13.9571
3.2,g1='12.5mm' lw='1.75mm' slot_length='20mm',-13.8874
3.3,g1='12.5mm' lw='1.75mm' slot_length='20mm',-13.83
3.4,g1='12.5mm' lw='1.75mm' slot_length='20mm',-13.7845
3.5,g1='12.5mm' lw='1.75mm' slot_length='20mm',-13.7506
3.6,g1='12.5mm' lw='1.75mm' slot_length='20mm',-13.7278
3.7,g1='12.5mm' lw='1.75mm' slot_length='20mm',-13.7147
3.8,g1='12.5mm' lw='1.75mm' slot_length='20mm',-13.7088
3.9,g1='12.5mm' lw='1.75mm' slot_length='20mm',-13.7069
4,g1='12.5mm' lw='1.75mm' slot_length='20mm',-13.7055
4.1,g1='12.5mm' lw='1.75mm' slot_length='20mm',-13.7011
4.2,g1='12.5mm' lw='1.75mm' slot_length='20mm',-13.6914
4.3,g1='12.5mm' lw='1.75mm' slot_length='20mm',-13.6751
4.4,g1='12.5mm' lw='1.75mm' slot_length='20mm',-13.6518
4.5,g1='12.5mm' lw='1.75mm' slot_length='20mm',-13.6218
4.6,g1='12.5mm' lw='1.75mm' slot_length='20mm',-13.5859
4.7,g1='12.5mm' lw='1.75mm' slot_length='20mm',-13.5448
4.8,g1='12.5mm' lw='1.75mm' slot_length='20mm',-13.4995
4.9,g1='12.5mm' lw='1.75mm' slot_length='20mm',-13.4505
5,g1='12.5mm' lw='1.75mm' slot_length='20mm',-13.3983
5.1,g1='12.5mm' lw='1.75mm' slot_length='20mm',-13.3434
5.2,g1='12.5mm' lw='1.75mm' slot_length='20mm',-13.2859
5.3,g1='12.5mm' lw='1.75mm' slot_length='20mm',-13.226
5.4,g1='12.5mm' lw='1.75mm' slot_length='20mm',-13.1638
5.5,g1='12.5mm' lw='1.75mm' slot_length='20mm',-13.099
5.6,g1='12.5mm' lw='1.75mm' slot_length='20mm',-13.0315
5.7,g1='12.5mm' lw='1.75mm' slot_length='20mm',-12.9611
5.8,g1='12.5mm' lw='1.75mm' slot_length='20mm',-12.8871
5.9,g1='12.5mm' lw='1.75mm' slot_length='20mm',-12.8087
6,g1='12.5mm' lw='1.75mm' slot_length='20mm',-12.7247
6.1,g1='12.5mm' lw='1.75mm' slot_length='20mm',-12.6326
6.2,g1='12.5mm' lw='1.75mm' slot_length='20mm',-12.5288
6.3,g1='12.5mm' lw='1.75mm' slot_length='20mm',-12.4075
6.4,g1='12.5mm' lw='1.75mm' slot_length='20mm',-12.2664
6.5,g1='12.5mm' lw='1.75mm' slot_length='20mm',-12.1248
6.6,g1='12.5mm' lw='1.75mm' slot_length='20mm',-12.0229
6.7,g1='12.5mm' lw='1.75mm' slot_length='20mm',-11.9573
6.8,g1='12.5mm' lw='1.75mm' slot_length='20mm',-11.8913
6.9,g1='12.5mm' lw='1.75mm' slot_length='20mm',-11.8093
7,g1='12.5mm' lw='1.75mm' slot_length='20mm',-11.711
7.1,g1='12.5mm' lw='1.75mm' slot_length='20mm',-11.599
7.2,g1='12.5mm' lw='1.75mm' slot_length='20mm',-11.4752
7.3,g1='12.5mm' lw='1.75mm' slot_length='20mm',-11.3405
7.4,g1='12.5mm' lw='1.75mm' slot_length='20mm',-11.1953
7.5,g1='12.5mm' lw='1.75mm' slot_length='20mm',-11.0395
7.6,g1='12.5mm' lw='1.75mm' slot_length='20mm',-10.8731
7.7,g1='12.5mm' lw='1.75mm' slot_length='20mm',-10.6957
7.8,g1='12.5mm' lw='1.75mm' slot_length='20mm',-10.5074
7.9,g1='12.5mm' lw='1.75mm' slot_length='20mm',-10.3082
8,g1='12.5mm' lw='1.75mm' slot_length='20mm',-10.0986
8.1,g1='12.5mm' lw='1.75mm' slot_length='20mm',-9.87973
8.2,g1='12.5mm' lw='1.75mm' slot_length='20mm',-9.65353
8.3,g1='12.5mm' lw='1.75mm' slot_length='20mm',-9.42302
8.4,g1='12.5mm' lw='1.75mm' slot_length='20mm',-9.19255
8.5,g1='12.5mm' lw='1.75mm' slot_length='20mm',-8.96802
8.6,g1='12.5mm' lw='1.75mm' slot_length='20mm',-8.75694
8.7,g1='12.5mm' lw='1.75mm' slot_length='20mm',-8.56835
8.8,g1='12.5mm' lw='1.75mm' slot_length='20mm',-8.41279
8.9,g1='12.5mm' lw='1.75mm' slot_length='20mm',-8.30214
9,g1='12.5mm' lw='1.75mm' slot_length='20mm',-8.25
9.1,g1='12.5mm' lw='1.75mm' slot_length='20mm',-8.27227
9.2,g1='12.5mm' lw='1.75mm' slot_length='20mm',-8.3878
9.3,g1='12.5mm' lw='1.75mm' slot_length='20mm',-8.61804
9.4,g1='12.5mm' lw='1.75mm' slot_length='20mm',-8.98434
9.5,g1='12.5mm' lw='1.75mm' slot_length='20mm',-9.50224
9.6,g1='12.5mm' lw='1.75mm' slot_length='20mm',-10.1739
9.7,g1='12.5mm' lw='1.75mm' slot_length='20mm',-10.9822
9.8,g1='12.5mm' lw='1.75mm' slot_length='20mm',-11.8891
9.9,g1='12.5mm' lw='1.75mm' slot_length='20mm',-12.8404
10,g1='12.5mm' lw='1.75mm' slot_length='20mm',-13.7736
10.1,g1='12.5mm' lw='1.75mm' slot_length='20mm',-14.6275
10.2,g1='12.5mm' lw='1.75mm' slot_length='20mm',-15.352
10.3,g1='12.5mm' lw='1.75mm' slot_length='20mm',-15.9165
10.4,g1='12.5mm' lw='1.75mm' slot_length='20mm',-16.3135
10.5,g1='12.5mm' lw='1.75mm' slot_length='20mm',-16.5559
10.6,g1='12.5mm' lw='1.75mm' slot_length='20mm',-16.6698
10.7,g1='12.5mm' lw='1.75mm' slot_length='20mm',-16.6857
10.8,g1='12.5mm' lw='1.75mm' slot_length='20mm',-16.6327
10.9,g1='12.5mm' lw='1.75mm' slot_length='20mm',-16.5349
11,g1='12.5mm' lw='1.75mm' slot_length='20mm',-16.4113
11.1,g1='12.5mm' lw='1.75mm' slot_length='20mm',-16.2762
11.2,g1='12.5mm' lw='1.75mm' slot_length='20mm',-16.1404
11.3,g1='12.5mm' lw='1.75mm' slot_length='20mm',-16.0125
11.4,g1='12.5mm' lw='1.75mm' slot_length='20mm',-15.8996
11.5,g1='12.5mm' lw='1.75mm' slot_length='20mm',-15.8079
11.6,g1='12.5mm' lw='1.75mm' slot_length='20mm',-15.7435
11.7,g1='12.5mm' lw='1.75mm' slot_length='20mm',-15.7117
11.8,g1='12.5mm' lw='1.75mm' slot_length='20mm',-15.717
11.9,g1='12.5mm' lw='1.75mm' slot_length='20mm',-15.7618
12,g1='12.5mm' lw='1.75mm' slot_length='20mm',-15.8452
12.1,g1='12.5mm' lw='1.75mm' slot_length='20mm',-15.9611
12.2,g1='12.5mm' lw='1.75mm' slot_length='20mm',-16.0976
12.3,g1='12.5mm' lw='1.75mm' slot_length='20mm',-16.2372
12.4,g1='12.5mm' lw='1.75mm' slot_length='20mm',-16.3597
12.5,g1='12.5mm' lw='1.75mm' slot_length='20mm',-16.4461
12.6,g1='12.5mm' lw='1.75mm' slot_length='20mm',-16.4831
12.7,g1='12.5mm' lw='1.75mm' slot_length='20mm',-16.4653
12.8,g1='12.5mm' lw='1.75mm' slot_length='20mm',-16.3948
12.9,g1='12.5mm' lw='1.75mm' slot_length='20mm',-16.2794
13,g1='12.5mm' lw='1.75mm' slot_length='20mm',-16.129
13.1,g1='12.5mm' lw='1.75mm' slot_length='20mm',-15.9535
13.2,g1='12.5mm' lw='1.75mm' slot_length='20mm',-15.7617
13.3,g1='12.5mm' lw='1.75mm' slot_length='20mm',-15.5602
13.4,g1='12.5mm' lw='1.75mm' slot_length='20mm',-15.3541
13.5,g1='12.5mm' lw='1.75mm' slot_length='20mm',-15.1469
13.6,g1='12.5mm' lw='1.75mm' slot_length='20mm',-14.9408
13.7,g1='12.5mm' lw='1.75mm' slot_length='20mm',-14.7372
13.8,g1='12.5mm' lw='1.75mm' slot_length='20mm',-14.5372
13.9,g1='12.5mm' lw='1.75mm' slot_length='20mm',-14.3412
14,g1='12.5mm' lw='1.75mm' slot_length='20mm',-14.1494
14.1,g1='12.5mm' lw='1.75mm' slot_length='20mm',-13.9621
14.2,g1='12.5mm' lw='1.75mm' slot_length='20mm',-13.7793
14.3,g1='12.5mm' lw='1.75mm' slot_length='20mm',-13.6011
14.4,g1='12.5mm' lw='1.75mm' slot_length='20mm',-13.4274
14.5,g1='12.5mm' lw='1.75mm' slot_length='20mm',-13.2585
14.6,g1='12.5mm' lw='1.75mm' slot_length='20mm',-13.0942
14.7,g1='12.5mm' lw='1.75mm' slot_length='20mm',-12.9348
14.8,g1='12.5mm' lw='1.75mm' slot_length='20mm',-12.7803
14.9,g1='12.5mm' lw='1.75mm' slot_length='20mm',-12.6309
15,g1='12.5mm' lw='1.75mm' slot_length='20mm',-12.4868
1,g1='16.5mm' lw='1.75mm' slot_length='20mm',-11.972
1.1,g1='16.5mm' lw='1.75mm' slot_length='20mm',-11.4958
1.2,g1='16.5mm' lw='1.75mm' slot_length='20mm',-10.5958
1.3,g1='16.5mm' lw='1.75mm' slot_length='20mm',-8.25207
1.4,g1='16.5mm' lw='1.75mm' slot_length='20mm',1.53918
1.5,g1='16.5mm' lw='1.75mm' slot_length='20mm',-24.1398
1.6,g1='16.5mm' lw='1.75mm' slot_length='20mm',-17.607
1.7,g1='16.5mm' lw='1.75mm' slot_length='20mm',-16.071
1.8,g1='16.5mm' lw='1.75mm' slot_length='20mm',-15.3736
1.9,g1='16.5mm' lw='1.75mm' slot_length='20mm',-14.9714
2,g1='16.5mm' lw='1.75mm' slot_length='20mm',-14.7072
2.1,g1='16.5mm' lw='1.75mm' slot_length='20mm',-14.5182
2.2,g1='16.5mm' lw='1.75mm' slot_length='20mm',-14.3745
2.3,g1='16.5mm' lw='1.75mm' slot_length='20mm',-14.2602
2.4,g1='16.5mm' lw='1.75mm' slot_length='20mm',-14.1659
2.5,g1='16.5mm' lw='1.75mm' slot_length='20mm',-14.0856
2.6,g1='16.5mm' lw='1.75mm' slot_length='20mm',-14.0157
2.7,g1='16.5mm' lw='1.75mm' slot_length='20mm',-13.9536
2.8,g1='16.5mm' lw='1.75mm' slot_length='20mm',-13.8978
2.9,g1='16.5mm' lw='1.75mm' slot_length='20mm',-13.8469
3,g1='16.5mm' lw='1.75mm' slot_length='20mm',-13.8004
3.1,g1='16.5mm' lw='1.75mm' slot_length='20mm',-13.7577
3.2,g1='16.5mm' lw='1.75mm' slot_length='20mm',-13.7184
3.3,g1='16.5mm' lw='1.75mm' slot_length='20mm',-13.6821
3.4,g1='16.5mm' lw='1.75mm' slot_length='20mm',-13.6483
3.5,g1='16.5mm' lw='1.75mm' slot_length='20mm',-13.6161
3.6,g1='16.5mm' lw='1.75mm' slot_length='20mm',-13.5847
3.7,g1='16.5mm' lw='1.75mm' slot_length='20mm',-13.553
3.8,g1='16.5mm' lw='1.75mm' slot_length='20mm',-13.5203
3.9,g1='16.5mm' lw='1.75mm' slot_length='20mm',-13.4858
4,g1='16.5mm' lw='1.75mm' slot_length='20mm',-13.4493
4.1,g1='16.5mm' lw='1.75mm' slot_length='20mm',-13.4105
4.2,g1='16.5mm' lw='1.75mm' slot_length='20mm',-13.3695
4.3,g1='16.5mm' lw='1.75mm' slot_length='20mm',-13.3263
4.4,g1='16.5mm' lw='1.75mm' slot_length='20mm',-13.281
4.5,g1='16.5mm' lw='1.75mm' slot_length='20mm',-13.2336
4.6,g1='16.5mm' lw='1.75mm' slot_length='20mm',-13.1842
4.7,g1='16.5mm' lw='1.75mm' slot_length='20mm',-13.1327
4.8,g1='16.5mm' lw='1.75mm' slot_length='20mm',-13.0792
4.9,g1='16.5mm' lw='1.75mm' slot_length='20mm',-13.0234
5,g1='16.5mm' lw='1.75mm' slot_length='20mm',-12.9654
5.1,g1='16.5mm' lw='1.75mm' slot_length='20mm',-12.9051
5.2,g1='16.5mm' lw='1.75mm' slot_length='20mm',-12.8422
5.3,g1='16.5mm' lw='1.75mm' slot_length='20mm',-12.7766
5.4,g1='16.5mm' lw='1.75mm' slot_length='20mm',-12.7083
5.5,g1='16.5mm' lw='1.75mm' slot_length='20mm',-12.6371
5.6,g1='16.5mm' lw='1.75mm' slot_length='20mm',-12.5631
5.7,g1='16.5mm' lw='1.75mm' slot_length='20mm',-12.4868
5.8,g1='16.5mm' lw='1.75mm' slot_length='20mm',-12.4099
5.9,g1='16.5mm' lw='1.75mm' slot_length='20mm',-12.3366
6,g1='16.5mm' lw='1.75mm' slot_length='20mm',-12.2522
6.1,g1='16.5mm' lw='1.75mm' slot_length='20mm',-12.1001
6.2,g1='16.5mm' lw='1.75mm' slot_length='20mm',-11.9786
6.3,g1='16.5mm' lw='1.75mm' slot_length='20mm',-11.8625
6.4,g1='16.5mm' lw='1.75mm' slot_length='20mm',-11.7392
6.5,g1='16.5mm' lw='1.75mm' slot_length='20mm',-11.6062
6.6,g1='16.5mm' lw='1.75mm' slot_length='20mm',-11.4617
6.7,g1='16.5mm' lw='1.75mm' slot_length='20mm',-11.3041
6.8,g1='16.5mm' lw='1.75mm' slot_length='20mm',-11.1312
6.9,g1='16.5mm' lw='1.75mm' slot_length='20mm',-10.9406
7,g1='16.5mm' lw='1.75mm' slot_length='20mm',-10.7289
7.1,g1='16.5mm' lw='1.75mm' slot_length='20mm',-10.4917
7.2,g1='16.5mm' lw='1.75mm' slot_length='20mm',-10.2236
7.3,g1='16.5mm' lw='1.75mm' slot_length='20mm',-9.91714
7.4,g1='16.5mm' lw='1.75mm' slot_length='20mm',-9.56225
7.5,g1='16.5mm' lw='1.75mm' slot_length='20mm',-9.14501
7.6,g1='16.5mm' lw='1.75mm' slot_length='20mm',-8.64556
7.7,g1='16.5mm' lw='1.75mm' slot_length='20mm',-8.03489
7.8,g1='16.5mm' lw='1.75mm' slot_length='20mm',-7.26967
7.9,g1='16.5mm' lw='1.75mm' slot_length='20mm',-6.28524
8,g1='16.5mm' lw='1.75mm' slot_length='20mm',-4.99492
8.1,g1='16.5mm' lw='1.75mm' slot_length='20mm',-3.36444
8.2,g1='16.5mm' lw='1.75mm' slot_length='20mm',-1.98595
8.3,g1='16.5mm' lw='1.75mm' slot_length='20mm',-3.30318
8.4,g1='16.5mm' lw='1.75mm' slot_length='20mm',-7.59682
8.5,g1='16.5mm' lw='1.75mm' slot_length='20mm',-12.2116
8.6,g1='16.5mm' lw='1.75mm' slot_length='20mm',-15.9262
8.7,g1='16.5mm' lw='1.75mm' slot_length='20mm',-17.9172
8.8,g1='16.5mm' lw='1.75mm' slot_length='20mm',-18.1626
8.9,g1='16.5mm' lw='1.75mm' slot_length='20mm',-17.5719
9,g1='16.5mm' lw='1.75mm' slot_length='20mm',-16.8008
9.1,g1='16.5mm' lw='1.75mm' slot_length='20mm',-16.0713
9.2,g1='16.5mm' lw='1.75mm' slot_length='20mm',-15.4293
9.3,g1='16.5mm' lw='1.75mm' slot_length='20mm',-14.8716
9.4,g1='16.5mm' lw='1.75mm' slot_length='20mm',-14.3852
9.5,g1='16.5mm' lw='1.75mm' slot_length='20mm',-13.9575
9.6,g1='16.5mm' lw='1.75mm' slot_length='20mm',-13.5788
9.7,g1='16.5mm' lw='1.75mm' slot_length='20mm',-13.2419
9.8,g1='16.5mm' lw='1.75mm' slot_length='20mm',-12.9428
9.9,g1='16.5mm' lw='1.75mm' slot_length='20mm',-12.6805
10,g1='16.5mm' lw='1.75mm' slot_length='20mm',-12.4582
10.1,g1='16.5mm' lw='1.75mm' slot_length='20mm',-12.2847
10.2,g1='16.5mm' lw='1.75mm' slot_length='20mm',-12.1772
10.3,g1='16.5mm' lw='1.75mm' slot_length='20mm',-12.1629
10.4,g1='16.5mm' lw='1.75mm' slot_length='20mm',-12.2806
10.5,g1='16.5mm' lw='1.75mm' slot_length='20mm',-12.5773
10.6,g1='16.5mm' lw='1.75mm' slot_length='20mm',-13.0972
10.7,g1='16.5mm' lw='1.75mm' slot_length='20mm',-13.8606
10.8,g1='16.5mm' lw='1.75mm' slot_length='20mm',-14.8403
10.9,g1='16.5mm' lw='1.75mm' slot_length='20mm',-15.9468
11,g1='16.5mm' lw='1.75mm' slot_length='20mm',-17.033
11.1,g1='16.5mm' lw='1.75mm' slot_length='20mm',-17.9283
11.2,g1='16.5mm' lw='1.75mm' slot_length='20mm',-18.502
11.3,g1='16.5mm' lw='1.75mm' slot_length='20mm',-18.7221
11.4,g1='16.5mm' lw='1.75mm' slot_length='20mm',-18.6527
11.5,g1='16.5mm' lw='1.75mm' slot_length='20mm',-18.3966
11.6,g1='16.5mm' lw='1.75mm' slot_length='20mm',-18.0436
11.7,g1='16.5mm' lw='1.75mm' slot_length='20mm',-17.653
11.8,g1='16.5mm' lw='1.75mm' slot_length='20mm',-17.2579
11.9,g1='16.5mm' lw='1.75mm' slot_length='20mm',-16.8746
12,g1='16.5mm' lw='1.75mm' slot_length='20mm',-16.5098
12.1,g1='16.5mm' lw='1.75mm' slot_length='20mm',-16.1651
12.2,g1='16.5mm' lw='1.75mm' slot_length='20mm',-15.8397
12.3,g1='16.5mm' lw='1.75mm' slot_length='20mm',-15.5316
12.4,g1='16.5mm' lw='1.75mm' slot_length='20mm',-15.2385
12.5,g1='16.5mm' lw='1.75mm' slot_length='20mm',-14.9581
12.6,g1='16.5mm' lw='1.75mm' slot_length='20mm',-14.6881
12.7,g1='16.5mm' lw='1.75mm' slot_length='20mm',-14.4263
12.8,g1='16.5mm' lw='1.75mm' slot_length='20mm',-14.1708
12.9,g1='16.5mm' lw='1.75mm' slot_length='20mm',-13.9199
13,g1='16.5mm' lw='1.75mm' slot_length='20mm',-13.6721
13.1,g1='16.5mm' lw='1.75mm' slot_length='20mm',-13.4261
13.2,g1='16.5mm' lw='1.75mm' slot_length='20mm',-13.1806
13.3,g1='16.5mm' lw='1.75mm' slot_length='20mm',-12.935
13.4,g1='16.5mm' lw='1.75mm' slot_length='20mm',-12.6888
13.5,g1='16.5mm' lw='1.75mm' slot_length='20mm',-12.4422
13.6,g1='16.5mm' lw='1.75mm' slot_length='20mm',-12.1962
13.7,g1='16.5mm' lw='1.75mm' slot_length='20mm',-11.953
13.8,g1='16.5mm' lw='1.75mm' slot_length='20mm',-11.717
13.9,g1='16.5mm' lw='1.75mm' slot_length='20mm',-11.495
14,g1='16.5mm' lw='1.75mm' slot_length='20mm',-11.2975
14.1,g1='16.5mm' lw='1.75mm' slot_length='20mm',-11.1398
14.2,g1='16.5mm' lw='1.75mm' slot_length='20mm',-11.0411
14.3,g1='16.5mm' lw='1.75mm' slot_length='20mm',-11.0233
14.4,g1='16.5mm' lw='1.75mm' slot_length='20mm',-11.1058
14.5,g1='16.5mm' lw='1.75mm' slot_length='20mm',-11.3
14.6,g1='16.5mm' lw='1.75mm' slot_length='20mm',-11.6026
14.7,g1='16.5mm' lw='1.75mm' slot_length='20mm',-11.9892
14.8,g1='16.5mm' lw='1.75mm' slot_length='20mm',-12.4152
14.9,g1='16.5mm' lw='1.75mm' slot_length='20mm',-12.8277
15,g1='16.5mm' lw='1.75mm' slot_length='20mm',-13.1819
1,g1='8.5mm' lw='3.5mm' slot_length='18mm',-11.6877
1.1,g1='8.5mm' lw='3.5mm' slot_length='18mm',-11.6178
1.2,g1='8.5mm' lw='3.5mm' slot_length='18mm',-11.5369
1.3,g1='8.5mm' lw='3.5mm' slot_length='18mm',-11.4431
1.4,g1='8.5mm' lw='3.5mm' slot_length='18mm',-11.3341
1.5,g1='8.5mm' lw='3.5mm' slot_length='18mm',-11.2064
1.6,g1='8.5mm' lw='3.5mm' slot_length='18mm',-11.0558
1.7,g1='8.5mm' lw='3.5mm' slot_length='18mm',-10.8757
1.8,g1='8.5mm' lw='3.5mm' slot_length='18mm',-10.6575
1.9,g1='8.5mm' lw='3.5mm' slot_length='18mm',-10.3884
2,g1='8.5mm' lw='3.5mm' slot_length='18mm',-10.0505
2.1,g1='8.5mm' lw='3.5mm' slot_length='18mm',-9.62101
2.2,g1='8.5mm' lw='3.5mm' slot_length='18mm',-9.08304
2.3,g1='8.5mm' lw='3.5mm' slot_length='18mm',-8.489
2.4,g1='8.5mm' lw='3.5mm' slot_length='18mm',-8.19905
2.5,g1='8.5mm' lw='3.5mm' slot_length='18mm',-9.07174
2.6,g1='8.5mm' lw='3.5mm' slot_length='18mm',-10.9858
2.7,g1='8.5mm' lw='3.5mm' slot_length='18mm',-12.4103
2.8,g1='8.5mm' lw='3.5mm' slot_length='18mm',-12.9283
2.9,g1='8.5mm' lw='3.5mm' slot_length='18mm',-12.954
3,g1='8.5mm' lw='3.5mm' slot_length='18mm',-12.797
3.1,g1='8.5mm' lw='3.5mm' slot_length='18mm',-12.5849
3.2,g1='8.5mm' lw='3.5mm' slot_length='18mm',-12.3621
3.3,g1='8.5mm' lw='3.5mm' slot_length='18mm',-12.1426
3.4,g1='8.5mm' lw='3.5mm' slot_length='18mm',-11.9299
3.5,g1='8.5mm' lw='3.5mm' slot_length='18mm',-11.7243
3.6,g1='8.5mm' lw='3.5mm' slot_length='18mm',-11.5252
3.7,g1='8.5mm' lw='3.5mm' slot_length='18mm',-11.3324
3.8,g1='8.5mm' lw='3.5mm' slot_length='18mm',-11.1461
3.9,g1='8.5mm' lw='3.5mm' slot_length='18mm',-10.9678
4,g1='8.5mm' lw='3.5mm' slot_length='18mm',-10.8
4.1,g1='8.5mm' lw='3.5mm' slot_length='18mm',-10.6464
4.2,g1='8.5mm' lw='3.5mm' slot_length='18mm',-10.5121
4.3,g1='8.5mm' lw='3.5mm' slot_length='18mm',-10.4037
4.4,g1='8.5mm' lw='3.5mm' slot_length='18mm',-10.3288
4.5,g1='8.5mm' lw='3.5mm' slot_length='18mm',-10.2949
4.6,g1='8.5mm' lw='3.5mm' slot_length='18mm',-10.309
4.7,g1='8.5mm' lw='3.5mm' slot_length='18mm',-10.3747
4.8,g1='8.5mm' lw='3.5mm' slot_length='18mm',-10.4917
4.9,g1='8.5mm' lw='3.5mm' slot_length='18mm',-10.6535
5,g1='8.5mm' lw='3.5mm' slot_length='18mm',-10.8479
5.1,g1='8.5mm' lw='3.5mm' slot_length='18mm',-11.0582
5.2,g1='8.5mm' lw='3.5mm' slot_length='18mm',-11.2655
5.3,g1='8.5mm' lw='3.5mm' slot_length='18mm',-11.4518
5.4,g1='8.5mm' lw='3.5mm' slot_length='18mm',-11.6024
5.5,g1='8.5mm' lw='3.5mm' slot_length='18mm',-11.7073
5.6,g1='8.5mm' lw='3.5mm' slot_length='18mm',-11.7616
5.7,g1='8.5mm' lw='3.5mm' slot_length='18mm',-11.7647
5.8,g1='8.5mm' lw='3.5mm' slot_length='18mm',-11.7194
5.9,g1='8.5mm' lw='3.5mm' slot_length='18mm',-11.6304
6,g1='8.5mm' lw='3.5mm' slot_length='18mm',-11.5034
6.1,g1='8.5mm' lw='3.5mm' slot_length='18mm',-11.3442
6.2,g1='8.5mm' lw='3.5mm' slot_length='18mm',-11.1582
6.3,g1='8.5mm' lw='3.5mm' slot_length='18mm',-10.9502
6.4,g1='8.5mm' lw='3.5mm' slot_length='18mm',-10.7247
6.5,g1='8.5mm' lw='3.5mm' slot_length='18mm',-10.4853
6.6,g1='8.5mm' lw='3.5mm' slot_length='18mm',-10.2359
6.7,g1='8.5mm' lw='3.5mm' slot_length='18mm',-9.9804
6.8,g1='8.5mm' lw='3.5mm' slot_length='18mm',-9.72336
6.9,g1='8.5mm' lw='3.5mm' slot_length='18mm',-9.47087
7,g1='8.5mm' lw='3.5mm' slot_length='18mm',-9.23196
7.1,g1='8.5mm' lw='3.5mm' slot_length='18mm',-9.02166
7.2,g1='8.5mm' lw='3.5mm' slot_length='18mm',-8.86866
7.3,g1='8.5mm' lw='3.5mm' slot_length='18mm',-8.83362
7.4,g1='8.5mm' lw='3.5mm' slot_length='18mm',-9.04693
7.5,g1='8.5mm' lw='3.5mm' slot_length='18mm',-9.73751
7.6,g1='8.5mm' lw='3.5mm' slot_length='18mm',-11.0653
7.7,g1='8.5mm' lw='3.5mm' slot_length='18mm',-12.6691
7.8,g1='8.5mm' lw='3.5mm' slot_length='18mm',-13.8717
7.9,g1='8.5mm' lw='3.5mm' slot_length='18mm',-14.5443
8,g1='8.5mm' lw='3.5mm' slot_length='18mm',-14.957
8.1,g1='8.5mm' lw='3.5mm' slot_length='18mm',-15.2997
8.2,g1='8.5mm' lw='3.5mm' slot_length='18mm',-15.6301
8.3,g1='8.5mm' lw='3.5mm' slot_length='18mm',-15.9464
8.4,g1='8.5mm' lw='3.5mm' slot_length='18mm',-16.23
8.5,g1='8.5mm' lw='3.5mm' slot_length='18mm',-16.4628
8.6,g1='8.5mm' lw='3.5mm' slot_length='18mm',-16.6326
8.7,g1='8.5mm' lw='3.5mm' slot_length='18mm',-16.7349
8.8,g1='8.5mm' lw='3.5mm' slot_length='18mm',-16.7715
8.9,g1='8.5mm' lw='3.5mm' slot_length='18mm',-16.7494
9,g1='8.5mm' lw='3.5mm' slot_length='18mm',-16.6779
9.1,g1='8.5mm' lw='3.5mm' slot_length='18mm',-16.5675
9.2,g1='8.5mm' lw='3.5mm' slot_length='18mm',-16.4286
9.3,g1='8.5mm' lw='3.5mm' slot_length='18mm',-16.2706
9.4,g1='8.5mm' lw='3.5mm' slot_length='18mm',-16.102
9.5,g1='8.5mm' lw='3.5mm' slot_length='18mm',-15.9298
9.6,g1='8.5mm' lw='3.5mm' slot_length='18mm',-15.7603
9.7,g1='8.5mm' lw='3.5mm' slot_length='18mm',-15.5982
9.8,g1='8.5mm' lw='3.5mm' slot_length='18mm',-15.4474
9.9,g1='8.5mm' lw='3.5mm' slot_length='18mm',-15.3102
10,g1='8.5mm' lw='3.5mm' slot_length='18mm',-15.1873
10.1,g1='8.5mm' lw='3.5mm' slot_length='18mm',-15.078
10.2,g1='8.5mm' lw='3.5mm' slot_length='18mm',-14.9803
10.3,g1='8.5mm' lw='3.5mm' slot_length='18mm',-14.8911
10.4,g1='8.5mm' lw='3.5mm' slot_length='18mm',-14.8071
10.5,g1='8.5mm' lw='3.5mm' slot_length='18mm',-14.7249
10.6,g1='8.5mm' lw='3.5mm' slot_length='18mm',-14.6419
10.7,g1='8.5mm' lw='3.5mm' slot_length='18mm',-14.556
10.8,g1='8.5mm' lw='3.5mm' slot_length='18mm',-14.4656
10.9,g1='8.5mm' lw='3.5mm' slot_length='18mm',-14.3696
11,g1='8.5mm' lw='3.5mm' slot_length='18mm',-14.2673
11.1,g1='8.5mm' lw='3.5mm' slot_length='18mm',-14.1581
11.2,g1='8.5mm' lw='3.5mm' slot_length='18mm',-14.0416
11.3,g1='8.5mm' lw='3.5mm' slot_length='18mm',-13.9173
11.4,g1='8.5mm' lw='3.5mm' slot_length='18mm',-13.785
11.5,g1='8.5mm' lw='3.5mm' slot_length='18mm',-13.6442
11.6,g1='8.5mm' lw='3.5mm' slot_length='18mm',-13.495
11.7,g1='8.5mm' lw='3.5mm' slot_length='18mm',-13.3373
11.8,g1='8.5mm' lw='3.5mm' slot_length='18mm',-13.1712
11.9,g1='8.5mm' lw='3.5mm' slot_length='18mm',-12.997
12,g1='8.5mm' lw='3.5mm' slot_length='18mm',-12.8152
12.1,g1='8.5mm' lw='3.5mm' slot_length='18mm',-12.6264
12.2,g1='8.5mm' lw='3.5mm' slot_length='18mm',-12.4315
12.3,g1='8.5mm' lw='3.5mm' slot_length='18mm',-12.2315
12.4,g1='8.5mm' lw='3.5mm' slot_length='18mm',-12.0276
12.5,g1='8.5mm' lw='3.5mm' slot_length='18mm',-11.8211
12.6,g1='8.5mm' lw='3.5mm' slot_length='18mm',-11.6134
12.7,g1='8.5mm' lw='3.5mm' slot_length='18mm',-11.4058
12.8,g1='8.5mm' lw='3.5mm' slot_length='18mm',-11.1997
12.9,g1='8.5mm' lw='3.5mm' slot_length='18mm',-10.9963
13,g1='8.5mm' lw='3.5mm' slot_length='18mm',-10.7962
13.1,g1='8.5mm' lw='3.5mm' slot_length='18mm',-10.6
13.2,g1='8.5mm' lw='3.5mm' slot_length='18mm',-10.4076
13.3,g1='8.5mm' lw='3.5mm' slot_length='18mm',-10.2187
13.4,g1='8.5mm' lw='3.5mm' slot_length='18mm',-10.0325
13.5,g1='8.5mm' lw='3.5mm' slot_length='18mm',-9.84804
13.6,g1='8.5mm' lw='3.5mm' slot_length='18mm',-9.66398
13.7,g1='8.5mm' lw='3.5mm' slot_length='18mm',-9.47909
13.8,g1='8.5mm' lw='3.5mm' slot_length='18mm',-9.29217
13.9,g1='8.5mm' lw='3.5mm' slot_length='18mm',-9.10213
14,g1='8.5mm' lw='3.5mm' slot_length='18mm',-8.9081
14.1,g1='8.5mm' lw='3.5mm' slot_length='18mm',-8.70941
14.2,g1='8.5mm' lw='3.5mm' slot_length='18mm',-8.50562
14.3,g1='8.5mm' lw='3.5mm' slot_length='18mm',-8.29653
14.4,g1='8.5mm' lw='3.5mm' slot_length='18mm',-8.08215
14.5,g1='8.5mm' lw='3.5mm' slot_length='18mm',-7.86269
14.6,g1='8.5mm' lw='3.5mm' slot_length='18mm',-7.63858
14.7,g1='8.5mm' lw='3.5mm' slot_length='18mm',-7.41039
14.8,g1='8.5mm' lw='3.5mm' slot_length='18mm',-7.17893
14.9,g1='8.5mm' lw='3.5mm' slot_length='18mm',-6.94519
15,g1='8.5mm' lw='3.5mm' slot_length='18mm',-6.71037
1,g1='12.5mm' lw='3.5mm' slot_length='18mm',-11.654
1.1,g1='12.5mm' lw='3.5mm' slot_length='18mm',-11.5197
1.2,g1='12.5mm' lw='3.5mm' slot_length='18mm',-11.3574
1.3,g1='12.5mm' lw='3.5mm' slot_length='18mm',-11.1593
1.4,g1='12.5mm' lw='3.5mm' slot_length='18mm',-10.9137
1.5,g1='12.5mm' lw='3.5mm' slot_length='18mm',-10.6031
1.6,g1='12.5mm' lw='3.5mm' slot_length='18mm',-10.1994
1.7,g1='12.5mm' lw='3.5mm' slot_length='18mm',-9.65457
1.8,g1='12.5mm' lw='3.5mm' slot_length='18mm',-8.87982
1.9,g1='12.5mm' lw='3.5mm' slot_length='18mm',-7.69485
2,g1='12.5mm' lw='3.5mm' slot_length='18mm',-5.6985
2.1,g1='12.5mm' lw='3.5mm' slot_length='18mm',-2.43795
2.2,g1='12.5mm' lw='3.5mm' slot_length='18mm',-5.77093
2.3,g1='12.5mm' lw='3.5mm' slot_length='18mm',-15.1422
2.4,g1='12.5mm' lw='3.5mm' slot_length='18mm',-19.7475
2.5,g1='12.5mm' lw='3.5mm' slot_length='18mm',-18.9378
2.6,g1='12.5mm' lw='3.5mm' slot_length='18mm',-17.5864
2.7,g1='12.5mm' lw='3.5mm' slot_length='18mm',-16.6056
2.8,g1='12.5mm' lw='3.5mm' slot_length='18mm',-15.9084
2.9,g1='12.5mm' lw='3.5mm' slot_length='18mm',-15.3932
3,g1='12.5mm' lw='3.5mm' slot_length='18mm',-14.9987
3.1,g1='12.5mm' lw='3.5mm' slot_length='18mm',-14.6897
3.2,g1='12.5mm' lw='3.5mm' slot_length='18mm',-14.446
3.3,g1='12.5mm' lw='3.5mm' slot_length='18mm',-14.2565
3.4,g1='12.5mm' lw='3.5mm' slot_length='18mm',-14.1156
3.5,g1='12.5mm' lw='3.5mm' slot_length='18mm',-14.0202
3.6,g1='12.5mm' lw='3.5mm' slot_length='18mm',-13.9681
3.7,g1='12.5mm' lw='3.5mm' slot_length='18mm',-13.9554
3.8,g1='12.5mm' lw='3.5mm' slot_length='18mm',-13.975
3.9,g1='12.5mm' lw='3.5mm' slot_length='18mm',-14.0162
4,g1='12.5mm' lw='3.5mm' slot_length='18mm',-14.0657
4.1,g1='12.5mm' lw='3.5mm' slot_length='18mm',-14.1101
4.2,g1='12.5mm' lw='3.5mm' slot_length='18mm',-14.1386
4.3,g1='12.5mm' lw='3.5mm' slot_length='18mm',-14.1443
4.4,g1='12.5mm' lw='3.5mm' slot_length='18mm',-14.125
4.5,g1='12.5mm' lw='3.5mm' slot_length='18mm',-14.0816
4.6,g1='12.5mm' lw='3.5mm' slot_length='18mm',-14.017
4.7,g1='12.5mm' lw='3.5mm' slot_length='18mm',-13.9347
4.8,g1='12.5mm' lw='3.5mm' slot_length='18mm',-13.8384
4.9,g1='12.5mm' lw='3.5mm' slot_length='18mm',-13.731
5,g1='12.5mm' lw='3.5mm' slot_length='18mm',-13.615
5.1,g1='12.5mm' lw='3.5mm' slot_length='18mm',-13.4921
5.2,g1='12.5mm' lw='3.5mm' slot_length='18mm',-13.3636
5.3,g1='12.5mm' lw='3.5mm' slot_length='18mm',-13.2303
5.4,g1='12.5mm' lw='3.5mm' slot_length='18mm',-13.0926
5.5,g1='12.5mm' lw='3.5mm' slot_length='18mm',-12.9508
5.6,g1='12.5mm' lw='3.5mm' slot_length='18mm',-12.8047
5.7,g1='12.5mm' lw='3.5mm' slot_length='18mm',-12.6541
5.8,g1='12.5mm' lw='3.5mm' slot_length='18mm',-12.4985
5.9,g1='12.5mm' lw='3.5mm' slot_length='18mm',-12.3373
6,g1='12.5mm' lw='3.5mm' slot_length='18mm',-12.1697
6.1,g1='12.5mm' lw='3.5mm' slot_length='18mm',-11.9943
6.2,g1='12.5mm' lw='3.5mm' slot_length='18mm',-11.8094
6.3,g1='12.5mm' lw='3.5mm' slot_length='18mm',-11.6124
6.4,g1='12.5mm' lw='3.5mm' slot_length='18mm',-11.3994
6.5,g1='12.5mm' lw='3.5mm' slot_length='18mm',-11.1647
6.6,g1='12.5mm' lw='3.5mm' slot_length='18mm',-10.9015
6.7,g1='12.5mm' lw='3.5mm' slot_length='18mm',-10.6084
6.8,g1='12.5mm' lw='3.5mm' slot_length='18mm',-10.3163
6.9,g1='12.5mm' lw='3.5mm' slot_length='18mm',-10.1032
7,g1='12.5mm' lw='3.5mm' slot_length='18mm',-9.98507
7.1,g1='12.5mm' lw='3.5mm' slot_length='18mm',-9.87074
7.2,g1='12.5mm' lw='3.5mm' slot_length='18mm',-9.70878
7.3,g1='12.5mm' lw='3.5mm' slot_length='18mm',-9.5019
7.4,g1='12.5mm' lw='3.5mm' slot_length='18mm',-9.26275
7.5,g1='12.5mm' lw='3.5mm' slot_length='18mm',-9.00053
7.6,g1='12.5mm' lw='3.5mm' slot_length='18mm',-8.72115
7.7,g1='12.5mm' lw='3.5mm' slot_length='18mm',-8.42894
7.8,g1='12.5mm' lw='3.5mm' slot_length='18mm',-8.12794
7.9,g1='12.5mm' lw='3.5mm' slot_length='18mm',-7.82283
8,g1='12.5mm' lw='3.5mm' slot_length='18mm',-7.51948
8.1,g1='12.5mm' lw='3.5mm' slot_length='18mm',-7.22543
8.2,g1='12.5mm' lw='3.5mm' slot_length='18mm',-6.94996
8.3,g1='12.5mm' lw='3.5mm' slot_length='18mm',-6.70392
8.4,g1='12.5mm' lw='3.5mm' slot_length='18mm',-6.49888
8.5,g1='12.5mm' lw='3.5mm' slot_length='18mm',-6.34576
8.6,g1='12.5mm' lw='3.5mm' slot_length='18mm',-6.25317
8.7,g1='12.5mm' lw='3.5mm' slot_length='18mm',-6.22594
8.8,g1='12.5mm' lw='3.5mm' slot_length='18mm',-6.26467
8.9,g1='12.5mm' lw='3.5mm' slot_length='18mm',-6.36663
9,g1='12.5mm' lw='3.5mm' slot_length='18mm',-6.52795
9.1,g1='12.5mm' lw='3.5mm' slot_length='18mm',-6.7462
9.2,g1='12.5mm' lw='3.5mm' slot_length='18mm',-7.02219
9.3,g1='12.5mm' lw='3.5mm' slot_length='18mm',-7.36036
9.4,g1='12.5mm' lw='3.5mm' slot_length='18mm',-7.76727
9.5,g1='12.5mm' lw='3.5mm' slot_length='18mm',-8.24856
9.6,g1='12.5mm' lw='3.5mm' slot_length='18mm',-8.80555
9.7,g1='12.5mm' lw='3.5mm' slot_length='18mm',-9.43255
9.8,g1='12.5mm' lw='3.5mm' slot_length='18mm',-10.1159
9.9,g1='12.5mm' lw='3.5mm' slot_length='18mm',-10.8349
10,g1='12.5mm' lw='3.5mm' slot_length='18mm',-11.5641
10.1,g1='12.5mm' lw='3.5mm' slot_length='18mm',-12.2755
10.2,g1='12.5mm' lw='3.5mm' slot_length='18mm',-12.9414
10.3,g1='12.5mm' lw='3.5mm' slot_length='18mm',-13.5367
10.4,g1='12.5mm' lw='3.5mm' slot_length='18mm',-14.041
10.5,g1='12.5mm' lw='3.5mm' slot_length='18mm',-14.4404
10.6,g1='12.5mm' lw='3.5mm' slot_length='18mm',-14.7287
10.7,g1='12.5mm' lw='3.5mm' slot_length='18mm',-14.9075
10.8,g1='12.5mm' lw='3.5mm' slot_length='18mm',-14.9852
10.9,g1='12.5mm' lw='3.5mm' slot_length='18mm',-14.9747
11,g1='12.5mm' lw='3.5mm' slot_length='18mm',-14.8914
11.1,g1='12.5mm' lw='3.5mm' slot_length='18mm',-14.7513
11.2,g1='12.5mm' lw='3.5mm' slot_length='18mm',-14.5699
11.3,g1='12.5mm' lw='3.5mm' slot_length='18mm',-14.3618
11.4,g1='12.5mm' lw='3.5mm' slot_length='18mm',-14.1407
11.5,g1='12.5mm' lw='3.5mm' slot_length='18mm',-13.92
11.6,g1='12.5mm' lw='3.5mm' slot_length='18mm',-13.7134
11.7,g1='12.5mm' lw='3.5mm' slot_length='18mm',-13.5352
11.8,g1='12.5mm' lw='3.5mm' slot_length='18mm',-13.4012
11.9,g1='12.5mm' lw='3.5mm' slot_length='18mm',-13.3283
12,g1='12.5mm' lw='3.5mm' slot_length='18mm',-13.334
12.1,g1='12.5mm' lw='3.5mm' slot_length='18mm',-13.4343
12.2,g1='12.5mm' lw='3.5mm' slot_length='18mm',-13.6412
12.3,g1='12.5mm' lw='3.5mm' slot_length='18mm',-13.959
12.4,g1='12.5mm' lw='3.5mm' slot_length='18mm',-14.3817
12.5,g1='12.5mm' lw='3.5mm' slot_length='18mm',-14.8908
12.6,g1='12.5mm' lw='3.5mm' slot_length='18mm',-15.4549
12.7,g1='12.5mm' lw='3.5mm' slot_length='18mm',-16.0317
12.8,g1='12.5mm' lw='3.5mm' slot_length='18mm',-16.5721
12.9,g1='12.5mm' lw='3.5mm' slot_length='18mm',-17.0264
13,g1='12.5mm' lw='3.5mm' slot_length='18mm',-17.3531
13.1,g1='12.5mm' lw='3.5mm' slot_length='18mm',-17.5273
13.2,g1='12.5mm' lw='3.5mm' slot_length='18mm',-17.5452
13.3,g1='12.5mm' lw='3.5mm' slot_length='18mm',-17.422
13.4,g1='12.5mm' lw='3.5mm' slot_length='18mm',-17.1842
13.5,g1='12.5mm' lw='3.5mm' slot_length='18mm',-16.862
13.6,g1='12.5mm' lw='3.5mm' slot_length='18mm',-16.4827
13.7,g1='12.5mm' lw='3.5mm' slot_length='18mm',-16.0685
13.8,g1='12.5mm' lw='3.5mm' slot_length='18mm',-15.6358
13.9,g1='12.5mm' lw='3.5mm' slot_length='18mm',-15.1963
14,g1='12.5mm' lw='3.5mm' slot_length='18mm',-14.758
14.1,g1='12.5mm' lw='3.5mm' slot_length='18mm',-14.3264
14.2,g1='12.5mm' lw='3.5mm' slot_length='18mm',-13.9055
14.3,g1='12.5mm' lw='3.5mm' slot_length='18mm',-13.498
14.4,g1='12.5mm' lw='3.5mm' slot_length='18mm',-13.1061
14.5,g1='12.5mm' lw='3.5mm' slot_length='18mm',-12.7316
14.6,g1='12.5mm' lw='3.5mm' slot_length='18mm',-12.3762
14.7,g1='12.5mm' lw='3.5mm' slot_length='18mm',-12.0412
14.8,g1='12.5mm' lw='3.5mm' slot_length='18mm',-11.7278
14.9,g1='12.5mm' lw='3.5mm' slot_length='18mm',-11.4369
15,g1='12.5mm' lw='3.5mm' slot_length='18mm',-11.1689
1,g1='16.5mm' lw='3.5mm' slot_length='18mm',-11.4697
1.1,g1='16.5mm' lw='3.5mm' slot_length='18mm',-11.1128
1.2,g1='16.5mm' lw='3.5mm' slot_length='18mm',-10.61
1.3,g1='16.5mm' lw='3.5mm' slot_length='18mm',-9.85414
1.4,g1='16.5mm' lw='3.5mm' slot_length='18mm',-8.5914
1.5,g1='16.5mm' lw='3.5mm' slot_length='18mm',-6.02139
1.6,g1='16.5mm' lw='3.5mm' slot_length='18mm',2.89642
1.7,g1='16.5mm' lw='3.5mm' slot_length='18mm',-10.2104
1.8,g1='16.5mm' lw='3.5mm' slot_length='18mm',-30.9801
1.9,g1='16.5mm' lw='3.5mm' slot_length='18mm',-22.7984
2,g1='16.5mm' lw='3.5mm' slot_length='18mm',-19.2857
2.1,g1='16.5mm' lw='3.5mm' slot_length='18mm',-17.7164
2.2,g1='16.5mm' lw='3.5mm' slot_length='18mm',-16.8098
2.3,g1='16.5mm' lw='3.5mm' slot_length='18mm',-16.211
2.4,g1='16.5mm' lw='3.5mm' slot_length='18mm',-15.7804
2.5,g1='16.5mm' lw='3.5mm' slot_length='18mm',-15.4518
2.6,g1='16.5mm' lw='3.5mm' slot_length='18mm',-15.1898
2.7,g1='16.5mm' lw='3.5mm' slot_length='18mm',-14.9739
2.8,g1='16.5mm' lw='3.5mm' slot_length='18mm',-14.7916
2.9,g1='16.5mm' lw='3.5mm' slot_length='18mm',-14.6349
3,g1='16.5mm' lw='3.5mm' slot_length='18mm',-14.4987
3.1,g1='16.5mm' lw='3.5mm' slot_length='18mm',-14.3795
3.2,g1='16.5mm' lw='3.5mm' slot_length='18mm',-14.2749
3.3,g1='16.5mm' lw='3.5mm' slot_length='18mm',-14.1825
3.4,g1='16.5mm' lw='3.5mm' slot_length='18mm',-14.0999
3.5,g1='16.5mm' lw='3.5mm' slot_length='18mm',-14.0243
3.6,g1='16.5mm' lw='3.5mm' slot_length='18mm',-13.9525
3.7,g1='16.5mm' lw='3.5mm' slot_length='18mm',-13.8813
3.8,g1='16.5mm' lw='3.5mm' slot_length='18mm',-13.8083
3.9,g1='16.5mm' lw='3.5mm' slot_length='18mm',-13.7314
4,g1='16.5mm' lw='3.5mm' slot_length='18mm',-13.6497
4.1,g1='16.5mm' lw='3.5mm' slot_length='18mm',-13.5629
4.2,g1='16.5mm' lw='3.5mm' slot_length='18mm',-13.471
4.3,g1='16.5mm' lw='3.5mm' slot_length='18mm',-13.3742
4.4,g1='16.5mm' lw='3.5mm' slot_length='18mm',-13.2729
4.5,g1='16.5mm' lw='3.5mm' slot_length='18mm',-13.1672
4.6,g1='16.5mm' lw='3.5mm' slot_length='18mm',-13.0572
4.7,g1='16.5mm' lw='3.5mm' slot_length='18mm',-12.9431
4.8,g1='16.5mm' lw='3.5mm' slot_length='18mm',-12.8246
4.9,g1='16.5mm' lw='3.5mm' slot_length='18mm',-12.7017
5,g1='16.5mm' lw='3.5mm' slot_length='18mm',-12.574
5.1,g1='16.5mm' lw='3.5mm' slot_length='18mm',-12.4412
5.2,g1='16.5mm' lw='3.5mm' slot_length='18mm',-12.303
5.3,g1='16.5mm' lw='3.5mm' slot_length='18mm',-12.1588
5.4,g1='16.5mm' lw='3.5mm' slot_length='18mm',-12.0082
5.5,g1='16.5mm' lw='3.5mm' slot_length='18mm',-11.8505
5.6,g1='16.5mm' lw='3.5mm' slot_length='18mm',-11.685
5.7,g1='16.5mm' lw='3.5mm' slot_length='18mm',-11.511
5.8,g1='16.5mm' lw='3.5mm' slot_length='18mm',-11.3277
5.9,g1='16.5mm' lw='3.5mm' slot_length='18mm',-11.1343
6,g1='16.5mm' lw='3.5mm' slot_length='18mm',-10.9298
6.1,g1='16.5mm' lw='3.5mm' slot_length='18mm',-10.7135
6.2,g1='16.5mm' lw='3.5mm' slot_length='18mm',-10.4852
6.3,g1='16.5mm' lw='3.5mm' slot_length='18mm',-10.2449
6.4,g1='16.5mm' lw='3.5mm' slot_length='18mm',-9.99067
6.5,g1='16.5mm' lw='3.5mm' slot_length='18mm',-9.6954
6.6,g1='16.5mm' lw='3.5mm' slot_length='18mm',-9.29687
6.7,g1='16.5mm' lw='3.5mm' slot_length='18mm',-8.86792
6.8,g1='16.5mm' lw='3.5mm' slot_length='18mm',-8.44203
6.9,g1='16.5mm' lw='3.5mm' slot_length='18mm',-7.98237
7,g1='16.5mm' lw='3.5mm' slot_length='18mm',-7.46561
7.1,g1='16.5mm' lw='3.5mm' slot_length='18mm',-6.87314
7.2,g1='16.5mm' lw='3.5mm' slot_length='18mm',-6.18266
7.3,g1='16.5mm' lw='3.5mm' slot_length='18mm',-5.3632
7.4,g1='16.5mm' lw='3.5mm' slot_length='18mm',-4.36917
7.5,g1='16.5mm' lw='3.5mm' slot_length='18mm',-3.13087
7.6,g1='16.5mm' lw='3.5mm' slot_length='18mm',-1.53969
7.7,g1='16.5mm' lw='3.5mm' slot_length='18mm',0.559801
7.8,g1='16.5mm' lw='3.5mm' slot_length='18mm',3.20962
7.9,g1='16.5mm' lw='3.5mm' slot_length='18mm',4.89833
8,g1='16.5mm' lw='3.5mm' slot_length='18mm',2.23972
8.1,g1='16.5mm' lw='3.5mm' slot_length='18mm',-2.10368
8.2,g1='16.5mm' lw='3.5mm' slot_length='18mm',-6.0377
8.3,g1='16.5mm' lw='3.5mm' slot_length='18mm',-9.53016
8.4,g1='16.5mm' lw='3.5mm' slot_length='18mm',-12.7603
8.5,g1='16.5mm' lw='3.5mm' slot_length='18mm',-15.8157
8.6,g1='16.5mm' lw='3.5mm' slot_length='18mm',-18.585
8.7,g1='16.5mm' lw='3.5mm' slot_length='18mm',-20.6051
8.8,g1='16.5mm' lw='3.5mm' slot_length='18mm',-21.2831
8.9,g1='16.5mm' lw='3.5mm' slot_length='18mm',-20.7378
9,g1='16.5mm' lw='3.5mm' slot_length='18mm',-19.6566
9.1,g1='16.5mm' lw='3.5mm' slot_length='18mm',-18.5007
9.2,g1='16.5mm' lw='3.5mm' slot_length='18mm',-17.4304
9.3,g1='16.5mm' lw='3.5mm' slot_length='18mm',-16.4766
9.4,g1='16.5mm' lw='3.5mm' slot_length='18mm',-15.6308
9.5,g1='16.5mm' lw='3.5mm' slot_length='18mm',-14.8761
9.6,g1='16.5mm' lw='3.5mm' slot_length='18mm',-14.1961
9.7,g1='16.5mm' lw='3.5mm' slot_length='18mm',-13.5777
9.8,g1='16.5mm' lw='3.5mm' slot_length='18mm',-13.0109
9.9,g1='16.5mm' lw='3.5mm' slot_length='18mm',-12.4904
10,g1='16.5mm' lw='3.5mm' slot_length='18mm',-12.0156
10.1,g1='16.5mm' lw='3.5mm' slot_length='18mm',-11.5927
10.2,g1='16.5mm' lw='3.5mm' slot_length='18mm',-11.2367
10.3,g1='16.5mm' lw='3.5mm' slot_length='18mm',-10.9734
10.4,g1='16.5mm' lw='3.5mm' slot_length='18mm',-10.8412
10.5,g1='16.5mm' lw='3.5mm' slot_length='18mm',-10.8885
10.6,g1='16.5mm' lw='3.5mm' slot_length='18mm',-11.1663
10.7,g1='16.5mm' lw='3.5mm' slot_length='18mm',-11.7131
10.8,g1='16.5mm' lw='3.5mm' slot_length='18mm',-12.5404
10.9,g1='16.5mm' lw='3.5mm' slot_length='18mm',-13.6256
11,g1='16.5mm' lw='3.5mm' slot_length='18mm',-14.9159
11.1,g1='16.5mm' lw='3.5mm' slot_length='18mm',-16.3343
11.2,g1='16.5mm' lw='3.5mm' slot_length='18mm',-17.7768
11.3,g1='16.5mm' lw='3.5mm' slot_length='18mm',-19.1015
11.4,g1='16.5mm' lw='3.5mm' slot_length='18mm',-20.1311
11.5,g1='16.5mm' lw='3.5mm' slot_length='18mm',-20.7069
11.6,g1='16.5mm' lw='3.5mm' slot_length='18mm',-20.7837
11.7,g1='16.5mm' lw='3.5mm' slot_length='18mm',-20.4571
11.8,g1='16.5mm' lw='3.5mm' slot_length='18mm',-19.8841
11.9,g1='16.5mm' lw='3.5mm' slot_length='18mm',-19.1971
12,g1='16.5mm' lw='3.5mm' slot_length='18mm',-18.4775
12.1,g1='16.5mm' lw='3.5mm' slot_length='18mm',-17.7663
12.2,g1='16.5mm' lw='3.5mm' slot_length='18mm',-17.0807
12.3,g1='16.5mm' lw='3.5mm' slot_length='18mm',-16.4255
12.4,g1='16.5mm' lw='3.5mm' slot_length='18mm',-15.7996
12.5,g1='16.5mm' lw='3.5mm' slot_length='18mm',-15.1992
12.6,g1='16.5mm' lw='3.5mm' slot_length='18mm',-14.6198
12.7,g1='16.5mm' lw='3.5mm' slot_length='18mm',-14.0564
12.8,g1='16.5mm' lw='3.5mm' slot_length='18mm',-13.5044
12.9,g1='16.5mm' lw='3.5mm' slot_length='18mm',-12.9592
13,g1='16.5mm' lw='3.5mm' slot_length='18mm',-12.4167
13.1,g1='16.5mm' lw='3.5mm' slot_length='18mm',-11.8729
13.2,g1='16.5mm' lw='3.5mm' slot_length='18mm',-11.3242
13.3,g1='16.5mm' lw='3.5mm' slot_length='18mm',-10.7672
13.4,g1='16.5mm' lw='3.5mm' slot_length='18mm',-10.1991
13.5,g1='16.5mm' lw='3.5mm' slot_length='18mm',-9.61781
13.6,g1='16.5mm' lw='3.5mm' slot_length='18mm',-9.02246
13.7,g1='16.5mm' lw='3.5mm' slot_length='18mm',-8.41429
13.8,g1='16.5mm' lw='3.5mm' slot_length='18mm',-7.79798
13.9,g1='16.5mm' lw='3.5mm' slot_length='18mm',-7.18391
14,g1='16.5mm' lw='3.5mm' slot_length='18mm',-6.59125
14.1,g1='16.5mm' lw='3.5mm' slot_length='18mm',-6.05184
14.2,g1='16.5mm' lw='3.5mm' slot_length='18mm',-5.61318
14.3,g1='16.5mm' lw='3.5mm' slot_length='18mm',-5.33697
14.4,g1='16.5mm' lw='3.5mm' slot_length='18mm',-5.28801
14.5,g1='16.5mm' lw='3.5mm' slot_length='18mm',-5.51259
14.6,g1='16.5mm' lw='3.5mm' slot_length='18mm',-6.01607
14.7,g1='16.5mm' lw='3.5mm' slot_length='18mm',-6.75364
14.8,g1='16.5mm' lw='3.5mm' slot_length='18mm',-7.63848
14.9,g1='16.5mm' lw='3.5mm' slot_length='18mm',-8.56884
15,g1='16.5mm' lw='3.5mm' slot_length='18mm',-9.4696
1,g1='8.5mm' lw='3.5mm' slot_length='19mm',-11.6288
1.1,g1='8.5mm' lw='3.5mm' slot_length='19mm',-11.5589
1.2,g1='8.5mm' lw='3.5mm' slot_length='19mm',-11.478
1.3,g1='8.5mm' lw='3.5mm' slot_length='19mm',-11.3843
1.4,g1='8.5mm' lw='3.5mm' slot_length='19mm',-11.2754
1.5,g1='8.5mm' lw='3.5mm' slot_length='19mm',-11.1478
1.6,g1='8.5mm' lw='3.5mm' slot_length='19mm',-10.9971
1.7,g1='8.5mm' lw='3.5mm' slot_length='19mm',-10.8171
1.8,g1='8.5mm' lw='3.5mm' slot_length='19mm',-10.5987
1.9,g1='8.5mm' lw='3.5mm' slot_length='19mm',-10.3293
2,g1='8.5mm' lw='3.5mm' slot_length='19mm',-9.99089
2.1,g1='8.5mm' lw='3.5mm' slot_length='19mm',-9.56034
2.2,g1='8.5mm' lw='3.5mm' slot_length='19mm',-9.02068
2.3,g1='8.5mm' lw='3.5mm' slot_length='19mm',-8.42504
2.4,g1='8.5mm' lw='3.5mm' slot_length='19mm',-8.1394
2.5,g1='8.5mm' lw='3.5mm' slot_length='19mm',-9.03123
2.6,g1='8.5mm' lw='3.5mm' slot_length='19mm',-10.9581
2.7,g1='8.5mm' lw='3.5mm' slot_length='19mm',-12.3748
2.8,g1='8.5mm' lw='3.5mm' slot_length='19mm',-12.8816
2.9,g1='8.5mm' lw='3.5mm' slot_length='19mm',-12.9005
3,g1='8.5mm' lw='3.5mm' slot_length='19mm',-12.7401
3.1,g1='8.5mm' lw='3.5mm' slot_length='19mm',-12.5262
3.2,g1='8.5mm' lw='3.5mm' slot_length='19mm',-12.3022
3.3,g1='8.5mm' lw='3.5mm' slot_length='19mm',-12.0818
3.4,g1='8.5mm' lw='3.5mm' slot_length='19mm',-11.8683
3.5,g1='8.5mm' lw='3.5mm' slot_length='19mm',-11.6617
3.6,g1='8.5mm' lw='3.5mm' slot_length='19mm',-11.4615
3.7,g1='8.5mm' lw='3.5mm' slot_length='19mm',-11.2673
3.8,g1='8.5mm' lw='3.5mm' slot_length='19mm',-11.0795
3.9,g1='8.5mm' lw='3.5mm' slot_length='19mm',-10.8995
4,g1='8.5mm' lw='3.5mm' slot_length='19mm',-10.7296
4.1,g1='8.5mm' lw='3.5mm' slot_length='19mm',-10.574
4.2,g1='8.5mm' lw='3.5mm' slot_length='19mm',-10.4381
4.3,g1='8.5mm' lw='3.5mm' slot_length='19mm',-10.3289
4.4,g1='8.5mm' lw='3.5mm' slot_length='19mm',-10.2549
4.5,g1='8.5mm' lw='3.5mm' slot_length='19mm',-10.2249
4.6,g1='8.5mm' lw='3.5mm' slot_length='19mm',-10.2472
4.7,g1='8.5mm' lw='3.5mm' slot_length='19mm',-10.3276
4.8,g1='8.5mm' lw='3.5mm' slot_length='19mm',-10.467
4.9,g1='8.5mm' lw='3.5mm' slot_length='19mm',-10.6604
5,g1='8.5mm' lw='3.5mm' slot_length='19mm',-10.8955
5.1,g1='8.5mm' lw='3.5mm' slot_length='19mm',-11.1548
5.2,g1='8.5mm' lw='3.5mm' slot_length='19mm',-11.4172
5.3,g1='8.5mm' lw='3.5mm' slot_length='19mm',-11.6619
5.4,g1='8.5mm' lw='3.5mm' slot_length='19mm',-11.8712
5.5,g1='8.5mm' lw='3.5mm' slot_length='19mm',-12.0318
5.6,g1='8.5mm' lw='3.5mm' slot_length='19mm',-12.1356
5.7,g1='8.5mm' lw='3.5mm' slot_length='19mm',-12.1778
5.8,g1='8.5mm' lw='3.5mm' slot_length='19mm',-12.1539
5.9,g1='8.5mm' lw='3.5mm' slot_length='19mm',-12.0525
6,g1='8.5mm' lw='3.5mm' slot_length='19mm',-11.8403
6.1,g1='8.5mm' lw='3.5mm' slot_length='19mm',-11.4243
6.2,g1='8.5mm' lw='3.5mm' slot_length='19mm',-10.5737
6.3,g1='8.5mm' lw='3.5mm' slot_length='19mm',-9.01877
6.4,g1='8.5mm' lw='3.5mm' slot_length='19mm',-7.83268
6.5,g1='8.5mm' lw='3.5mm' slot_length='19mm',-8.34879
6.6,g1='8.5mm' lw='3.5mm' slot_length='19mm',-9.1062
6.7,g1='8.5mm' lw='3.5mm' slot_length='19mm',-9.56043
6.8,g1='8.5mm' lw='3.5mm' slot_length='19mm',-9.81147
6.9,g1='8.5mm' lw='3.5mm' slot_length='19mm',-9.96776
7,g1='8.5mm' lw='3.5mm' slot_length='19mm',-10.095
7.1,g1='8.5mm' lw='3.5mm' slot_length='19mm',-10.234
7.2,g1='8.5mm' lw='3.5mm' slot_length='19mm',-10.4122
7.3,g1='8.5mm' lw='3.5mm' slot_length='19mm',-10.6485
7.4,g1='8.5mm' lw='3.5mm' slot_length='19mm',-10.9548
7.5,g1='8.5mm' lw='3.5mm' slot_length='19mm',-11.3359
7.6,g1='8.5mm' lw='3.5mm' slot_length='19mm',-11.7889
7.7,g1='8.5mm' lw='3.5mm' slot_length='19mm',-12.3041
7.8,g1='8.5mm' lw='3.5mm' slot_length='19mm',-12.8653
7.9,g1='8.5mm' lw='3.5mm' slot_length='19mm',-13.4522
8,g1='8.5mm' lw='3.5mm' slot_length='19mm',-14.0417
8.1,g1='8.5mm' lw='3.5mm' slot_length='19mm',-14.61
8.2,g1='8.5mm' lw='3.5mm' slot_length='19mm',-15.1348
8.3,g1='8.5mm' lw='3.5mm' slot_length='19mm',-15.597
8.4,g1='8.5mm' lw='3.5mm' slot_length='19mm',-15.9821
8.5,g1='8.5mm' lw='3.5mm' slot_length='19mm',-16.2817
8.6,g1='8.5mm' lw='3.5mm' slot_length='19mm',-16.4935
8.7,g1='8.5mm' lw='3.5mm' slot_length='19mm',-16.6212
8.8,g1='8.5mm' lw='3.5mm' slot_length='19mm',-16.6728
8.9,g1='8.5mm' lw='3.5mm' slot_length='19mm',-16.6591
9,g1='8.5mm' lw='3.5mm' slot_length='19mm',-16.5921
9.1,g1='8.5mm' lw='3.5mm' slot_length='19mm',-16.4839
9.2,g1='8.5mm' lw='3.5mm' slot_length='19mm',-16.3459
9.3,g1='8.5mm' lw='3.5mm' slot_length='19mm',-16.1882
9.4,g1='8.5mm' lw='3.5mm' slot_length='19mm',-16.0197
9.5,g1='8.5mm' lw='3.5mm' slot_length='19mm',-15.8481
9.6,g1='8.5mm' lw='3.5mm' slot_length='19mm',-15.6796
9.7,g1='8.5mm' lw='3.5mm' slot_length='19mm',-15.5191
9.8,g1='8.5mm' lw='3.5mm' slot_length='19mm',-15.3703
9.9,g1='8.5mm' lw='3.5mm' slot_length='19mm',-15.235
10,g1='8.5mm' lw='3.5mm' slot_length='19mm',-15.1136
10.1,g1='8.5mm' lw='3.5mm' slot_length='19mm',-15.0053
10.2,g1='8.5mm' lw='3.5mm' slot_length='19mm',-14.9079
10.3,g1='8.5mm' lw='3.5mm' slot_length='19mm',-14.8186
10.4,g1='8.5mm' lw='3.5mm' slot_length='19mm',-14.734
10.5,g1='8.5mm' lw='3.5mm' slot_length='19mm',-14.6513
10.6,g1='8.5mm' lw='3.5mm' slot_length='19mm',-14.5675
10.7,g1='8.5mm' lw='3.5mm' slot_length='19mm',-14.4804
10.8,g1='8.5mm' lw='3.5mm' slot_length='19mm',-14.3885
10.9,g1='8.5mm' lw='3.5mm' slot_length='19mm',-14.2904
11,g1='8.5mm' lw='3.5mm' slot_length='19mm',-14.1854
11.1,g1='8.5mm' lw='3.5mm' slot_length='19mm',-14.0733
11.2,g1='8.5mm' lw='3.5mm' slot_length='19mm',-13.9537
11.3,g1='8.5mm' lw='3.5mm' slot_length='19mm',-13.8265
11.4,g1='8.5mm' lw='3.5mm' slot_length='19mm',-13.6917
11.5,g1='8.5mm' lw='3.5mm' slot_length='19mm',-13.5493
11.6,g1='8.5mm' lw='3.5mm' slot_length='19mm',-13.399
11.7,g1='8.5mm' lw='3.5mm' slot_length='19mm',-13.2408
11.8,g1='8.5mm' lw='3.5mm' slot_length='19mm',-13.0745
11.9,g1='8.5mm' lw='3.5mm' slot_length='19mm',-12.8999
12,g1='8.5mm' lw='3.5mm' slot_length='19mm',-12.717
12.1,g1='8.5mm' lw='3.5mm' slot_length='19mm',-12.526
12.2,g1='8.5mm' lw='3.5mm' slot_length='19mm',-12.3276
12.3,g1='8.5mm' lw='3.5mm' slot_length='19mm',-12.1227
12.4,g1='8.5mm' lw='3.5mm' slot_length='19mm',-11.9129
12.5,g1='8.5mm' lw='3.5mm' slot_length='19mm',-11.7004
12.6,g1='8.5mm' lw='3.5mm' slot_length='19mm',-11.4873
12.7,g1='8.5mm' lw='3.5mm' slot_length='19mm',-11.2762
12.8,g1='8.5mm' lw='3.5mm' slot_length='19mm',-11.0689
12.9,g1='8.5mm' lw='3.5mm' slot_length='19mm',-10.8669
13,g1='8.5mm' lw='3.5mm' slot_length='19mm',-10.6705
13.1,g1='8.5mm' lw='3.5mm' slot_length='19mm',-10.4797
13.2,g1='8.5mm' lw='3.5mm' slot_length='19mm',-10.2935
13.3,g1='8.5mm' lw='3.5mm' slot_length='19mm',-10.1108
13.4,g1='8.5mm' lw='3.5mm' slot_length='19mm',-9.93034
13.5,g1='8.5mm' lw='3.5mm' slot_length='19mm',-9.75068
13.6,g1='8.5mm' lw='3.5mm' slot_length='19mm',-9.57067
13.7,g1='8.5mm' lw='3.5mm' slot_length='19mm',-9.3893
13.8,g1='8.5mm' lw='3.5mm' slot_length='19mm',-9.20576
13.9,g1='8.5mm' lw='3.5mm' slot_length='19mm',-9.01941
14,g1='8.5mm' lw='3.5mm' slot_length='19mm',-8.8298
14.1,g1='8.5mm' lw='3.5mm' slot_length='19mm',-8.63657
14.2,g1='8.5mm' lw='3.5mm' slot_length='19mm',-8.4395
14.3,g1='8.5mm' lw='3.5mm' slot_length='19mm',-8.23846
14.4,g1='8.5mm' lw='3.5mm' slot_length='19mm',-8.0334
14.5,g1='8.5mm' lw='3.5mm' slot_length='19mm',-7.82434
14.6,g1='8.5mm' lw='3.5mm' slot_length='19mm',-7.61138
14.7,g1='8.5mm' lw='3.5mm' slot_length='19mm',-7.39465
14.8,g1='8.5mm' lw='3.5mm' slot_length='19mm',-7.1744
14.9,g1='8.5mm' lw='3.5mm' slot_length='19mm',-6.95092
15,g1='8.5mm' lw='3.5mm' slot_length='19mm',-6.72463
1,g1='12.5mm' lw='3.5mm' slot_length='19mm',-11.7516
1.1,g1='12.5mm' lw='3.5mm' slot_length='19mm',-11.6175
1.2,g1='12.5mm' lw='3.5mm' slot_length='19mm',-11.4554
1.3,g1='12.5mm' lw='3.5mm' slot_length='19mm',-11.2574
1.4,g1='12.5mm' lw='3.5mm' slot_length='19mm',-11.0121
1.5,g1='12.5mm' lw='3.5mm' slot_length='19mm',-10.7021
1.6,g1='12.5mm' lw='3.5mm' slot_length='19mm',-10.2992
1.7,g1='12.5mm' lw='3.5mm' slot_length='19mm',-9.75557
1.8,g1='12.5mm' lw='3.5mm' slot_length='19mm',-8.98306
1.9,g1='12.5mm' lw='3.5mm' slot_length='19mm',-7.80238
2,g1='12.5mm' lw='3.5mm' slot_length='19mm',-5.81473
2.1,g1='12.5mm' lw='3.5mm' slot_length='19mm',-2.55522
2.2,g1='12.5mm' lw='3.5mm' slot_length='19mm',-5.78292
2.3,g1='12.5mm' lw='3.5mm' slot_length='19mm',-15.1673
2.4,g1='12.5mm' lw='3.5mm' slot_length='19mm',-19.8328
2.5,g1='12.5mm' lw='3.5mm' slot_length='19mm',-19.0442
2.6,g1='12.5mm' lw='3.5mm' slot_length='19mm',-17.6905
2.7,g1='12.5mm' lw='3.5mm' slot_length='19mm',-16.7068
2.8,g1='12.5mm' lw='3.5mm' slot_length='19mm',-16.0076
2.9,g1='12.5mm' lw='3.5mm' slot_length='19mm',-15.4911
3,g1='12.5mm' lw='3.5mm' slot_length='19mm',-15.0957
3.1,g1='12.5mm' lw='3.5mm' slot_length='19mm',-14.7862
3.2,g1='12.5mm' lw='3.5mm' slot_length='19mm',-14.5423
3.3,g1='12.5mm' lw='3.5mm' slot_length='19mm',-14.3533
3.4,g1='12.5mm' lw='3.5mm' slot_length='19mm',-14.2134
3.5,g1='12.5mm' lw='3.5mm' slot_length='19mm',-14.12
3.6,g1='12.5mm' lw='3.5mm' slot_length='19mm',-14.0709
3.7,g1='12.5mm' lw='3.5mm' slot_length='19mm',-14.0622
3.8,g1='12.5mm' lw='3.5mm' slot_length='19mm',-14.0867
3.9,g1='12.5mm' lw='3.5mm' slot_length='19mm',-14.1332
4,g1='12.5mm' lw='3.5mm' slot_length='19mm',-14.1878
4.1,g1='12.5mm' lw='3.5mm' slot_length='19mm',-14.2365
4.2,g1='12.5mm' lw='3.5mm' slot_length='19mm',-14.268
4.3,g1='12.5mm' lw='3.5mm' slot_length='19mm',-14.2757
4.4,g1='12.5mm' lw='3.5mm' slot_length='19mm',-14.2573
4.5,g1='12.5mm' lw='3.5mm' slot_length='19mm',-14.214
4.6,g1='12.5mm' lw='3.5mm' slot_length='19mm',-14.149
4.7,g1='12.5mm' lw='3.5mm' slot_length='19mm',-14.0661
4.8,g1='12.5mm' lw='3.5mm' slot_length='19mm',-13.9691
4.9,g1='12.5mm' lw='3.5mm' slot_length='19mm',-13.861
5,g1='12.5mm' lw='3.5mm' slot_length='19mm',-13.7443
5.1,g1='12.5mm' lw='3.5mm' slot_length='19mm',-13.6209
5.2,g1='12.5mm' lw='3.5mm' slot_length='19mm',-13.4919
5.3,g1='12.5mm' lw='3.5mm' slot_length='19mm',-13.3581
5.4,g1='12.5mm' lw='3.5mm' slot_length='19mm',-13.2199
5.5,g1='12.5mm' lw='3.5mm' slot_length='19mm',-13.0775
5.6,g1='12.5mm' lw='3.5mm' slot_length='19mm',-12.9305
5.7,g1='12.5mm' lw='3.5mm' slot_length='19mm',-12.7786
5.8,g1='12.5mm' lw='3.5mm' slot_length='19mm',-12.6211
5.9,g1='12.5mm' lw='3.5mm' slot_length='19mm',-12.4566
6,g1='12.5mm' lw='3.5mm' slot_length='19mm',-12.2832
6.1,g1='12.5mm' lw='3.5mm' slot_length='19mm',-12.0975
6.2,g1='12.5mm' lw='3.5mm' slot_length='19mm',-11.8932
6.3,g1='12.5mm' lw='3.5mm' slot_length='19mm',-11.6581
6.4,g1='12.5mm' lw='3.5mm' slot_length='19mm',-11.3669
6.5,g1='12.5mm' lw='3.5mm' slot_length='19mm',-10.9847
6.6,g1='12.5mm' lw='3.5mm' slot_length='19mm',-10.6067
6.7,g1='12.5mm' lw='3.5mm' slot_length='19mm',-10.5661
6.8,g1='12.5mm' lw='3.5mm' slot_length='19mm',-10.6187
6.9,g1='12.5mm' lw='3.5mm' slot_length='19mm',-10.542
7,g1='12.5mm' lw='3.5mm' slot_length='19mm',-10.3815
7.1,g1='12.5mm' lw='3.5mm' slot_length='19mm',-10.1781
7.2,g1='12.5mm' lw='3.5mm' slot_length='19mm',-9.94956
7.3,g1='12.5mm' lw='3.5mm' slot_length='19mm',-9.70315
7.4,g1='12.5mm' lw='3.5mm' slot_length='19mm',-9.4424
7.5,g1='12.5mm' lw='3.5mm' slot_length='19mm',-9.16938
7.6,g1='12.5mm' lw='3.5mm' slot_length='19mm',-8.88582
7.7,g1='12.5mm' lw='3.5mm' slot_length='19mm',-8.59373
7.8,g1='12.5mm' lw='3.5mm' slot_length='19mm',-8.29576
7.9,g1='12.5mm' lw='3.5mm' slot_length='19mm',-7.9956
8,g1='12.5mm' lw='3.5mm' slot_length='19mm',-7.69821
8.1,g1='12.5mm' lw='3.5mm' slot_length='19mm',-7.41004
8.2,g1='12.5mm' lw='3.5mm' slot_length='19mm',-7.13908
8.3,g1='12.5mm' lw='3.5mm' slot_length='19mm',-6.89452
8.4,g1='12.5mm' lw='3.5mm' slot_length='19mm',-6.68616
8.5,g1='12.5mm' lw='3.5mm' slot_length='19mm',-6.52332
8.6,g1='12.5mm' lw='3.5mm' slot_length='19mm',-6.41353
8.7,g1='12.5mm' lw='3.5mm' slot_length='19mm',-6.36153
8.8,g1='12.5mm' lw='3.5mm' slot_length='19mm',-6.36887
8.9,g1='12.5mm' lw='3.5mm' slot_length='19mm',-6.43459
9,g1='12.5mm' lw='3.5mm' slot_length='19mm',-6.55694
9.1,g1='12.5mm' lw='3.5mm' slot_length='19mm',-6.73542
9.2,g1='12.5mm' lw='3.5mm' slot_length='19mm',-6.97244
9.3,g1='12.5mm' lw='3.5mm' slot_length='19mm',-7.27378
9.4,g1='12.5mm' lw='3.5mm' slot_length='19mm',-7.64729
9.5,g1='12.5mm' lw='3.5mm' slot_length='19mm',-8.10008
9.6,g1='12.5mm' lw='3.5mm' slot_length='19mm',-8.63499
9.7,g1='12.5mm' lw='3.5mm' slot_length='19mm',-9.24751
9.8,g1='12.5mm' lw='3.5mm' slot_length='19mm',-9.92457
9.9,g1='12.5mm' lw='3.5mm' slot_length='19mm',-10.6453
10,g1='12.5mm' lw='3.5mm' slot_length='19mm',-11.3833
10.1,g1='12.5mm' lw='3.5mm' slot_length='19mm',-12.1097
10.2,g1='12.5mm' lw='3.5mm' slot_length='19mm',-12.7955
10.3,g1='12.5mm' lw='3.5mm' slot_length='19mm',-13.4147
10.4,g1='12.5mm' lw='3.5mm' slot_length='19mm',-13.9458
10.5,g1='12.5mm' lw='3.5mm' slot_length='19mm',-14.3738
10.6,g1='12.5mm' lw='3.5mm' slot_length='19mm',-14.6916
10.7,g1='12.5mm' lw='3.5mm' slot_length='19mm',-14.8997
10.8,g1='12.5mm' lw='3.5mm' slot_length='19mm',-15.0054
10.9,g1='12.5mm' lw='3.5mm' slot_length='19mm',-15.0211
11,g1='12.5mm' lw='3.5mm' slot_length='19mm',-14.9617
11.1,g1='12.5mm' lw='3.5mm' slot_length='19mm',-14.8432
11.2,g1='12.5mm' lw='3.5mm' slot_length='19mm',-14.6813
11.3,g1='12.5mm' lw='3.5mm' slot_length='19mm',-14.4909
11.4,g1='12.5mm' lw='3.5mm' slot_length='19mm',-14.2862
11.5,g1='12.5mm' lw='3.5mm' slot_length='19mm',-14.0811
11.6,g1='12.5mm' lw='3.5mm' slot_length='19mm',-13.8898
11.7,g1='12.5mm' lw='3.5mm' slot_length='19mm',-13.7272
11.8,g1='12.5mm' lw='3.5mm' slot_length='19mm',-13.6094
11.9,g1='12.5mm' lw='3.5mm' slot_length='19mm',-13.5537
12,g1='12.5mm' lw='3.5mm' slot_length='19mm',-13.5772
12.1,g1='12.5mm' lw='3.5mm' slot_length='19mm',-13.6955
12.2,g1='12.5mm' lw='3.5mm' slot_length='19mm',-13.9197
12.3,g1='12.5mm' lw='3.5mm' slot_length='19mm',-14.2529
12.4,g1='12.5mm' lw='3.5mm' slot_length='19mm',-14.6874
12.5,g1='12.5mm' lw='3.5mm' slot_length='19mm',-15.2028
12.6,g1='12.5mm' lw='3.5mm' slot_length='19mm',-15.7662
12.7,g1='12.5mm' lw='3.5mm' slot_length='19mm',-16.3341
12.8,g1='12.5mm' lw='3.5mm' slot_length='19mm',-16.8563
12.9,g1='12.5mm' lw='3.5mm' slot_length='19mm',-17.2838
13,g1='12.5mm' lw='3.5mm' slot_length='19mm',-17.5768
13.1,g1='12.5mm' lw='3.5mm' slot_length='19mm',-17.7141
13.2,g1='12.5mm' lw='3.5mm' slot_length='19mm',-17.6957
13.3,g1='12.5mm' lw='3.5mm' slot_length='19mm',-17.5399
13.4,g1='12.5mm' lw='3.5mm' slot_length='19mm',-17.2753
13.5,g1='12.5mm' lw='3.5mm' slot_length='19mm',-16.9323
13.6,g1='12.5mm' lw='3.5mm' slot_length='19mm',-16.5378
13.7,g1='12.5mm' lw='3.5mm' slot_length='19mm',-16.1128
13.8,g1='12.5mm' lw='3.5mm' slot_length='19mm',-15.673
13.9,g1='12.5mm' lw='3.5mm' slot_length='19mm',-15.2289
14,g1='12.5mm' lw='3.5mm' slot_length='19mm',-14.788
14.1,g1='12.5mm' lw='3.5mm' slot_length='19mm',-14.3548
14.2,g1='12.5mm' lw='3.5mm' slot_length='19mm',-13.9328
14.3,g1='12.5mm' lw='3.5mm' slot_length='19mm',-13.5241
14.4,g1='12.5mm' lw='3.5mm' slot_length='19mm',-13.1303
14.5,g1='12.5mm' lw='3.5mm' slot_length='19mm',-12.7527
14.6,g1='12.5mm' lw='3.5mm' slot_length='19mm',-12.3924
14.7,g1='12.5mm' lw='3.5mm' slot_length='19mm',-12.0503
14.8,g1='12.5mm' lw='3.5mm' slot_length='19mm',-11.7273
14.9,g1='12.5mm' lw='3.5mm' slot_length='19mm',-11.4243
15,g1='12.5mm' lw='3.5mm' slot_length='19mm',-11.142
1,g1='16.5mm' lw='3.5mm' slot_length='19mm',-11.3171
1.1,g1='16.5mm' lw='3.5mm' slot_length='19mm',-10.9655
1.2,g1='16.5mm' lw='3.5mm' slot_length='19mm',-10.4717
1.3,g1='16.5mm' lw='3.5mm' slot_length='19mm',-9.73234
1.4,g1='16.5mm' lw='3.5mm' slot_length='19mm',-8.50567
1.5,g1='16.5mm' lw='3.5mm' slot_length='19mm',-6.04366
1.6,g1='16.5mm' lw='3.5mm' slot_length='19mm',2.11355
1.7,g1='16.5mm' lw='3.5mm' slot_length='19mm',-9.06796
1.8,g1='16.5mm' lw='3.5mm' slot_length='19mm',-29.8455
1.9,g1='16.5mm' lw='3.5mm' slot_length='19mm',-22.9349
2,g1='16.5mm' lw='3.5mm' slot_length='19mm',-19.2294
2.1,g1='16.5mm' lw='3.5mm' slot_length='19mm',-17.6069
2.2,g1='16.5mm' lw='3.5mm' slot_length='19mm',-16.678
2.3,g1='16.5mm' lw='3.5mm' slot_length='19mm',-16.0676
2.4,g1='16.5mm' lw='3.5mm' slot_length='19mm',-15.6301
2.5,g1='16.5mm' lw='3.5mm' slot_length='19mm',-15.297
2.6,g1='16.5mm' lw='3.5mm' slot_length='19mm',-15.0319
2.7,g1='16.5mm' lw='3.5mm' slot_length='19mm',-14.8136
2.8,g1='16.5mm' lw='3.5mm' slot_length='19mm',-14.6293
2.9,g1='16.5mm' lw='3.5mm' slot_length='19mm',-14.4709
3,g1='16.5mm' lw='3.5mm' slot_length='19mm',-14.333
3.1,g1='16.5mm' lw='3.5mm' slot_length='19mm',-14.2123
3.2,g1='16.5mm' lw='3.5mm' slot_length='19mm',-14.1061
3.3,g1='16.5mm' lw='3.5mm' slot_length='19mm',-14.0122
3.4,g1='16.5mm' lw='3.5mm' slot_length='19mm',-13.9285
3.5,g1='16.5mm' lw='3.5mm' slot_length='19mm',-13.852
3.6,g1='16.5mm' lw='3.5mm' slot_length='19mm',-13.7798
3.7,g1='16.5mm' lw='3.5mm' slot_length='19mm',-13.7088
3.8,g1='16.5mm' lw='3.5mm' slot_length='19mm',-13.6362
3.9,g1='16.5mm' lw='3.5mm' slot_length='19mm',-13.56
4,g1='16.5mm' lw='3.5mm' slot_length='19mm',-13.4792
4.1,g1='16.5mm' lw='3.5mm' slot_length='19mm',-13.3932
4.2,g1='16.5mm' lw='3.5mm' slot_length='19mm',-13.302
4.3,g1='16.5mm' lw='3.5mm' slot_length='19mm',-13.2058
4.4,g1='16.5mm' lw='3.5mm' slot_length='19mm',-13.1049
4.5,g1='16.5mm' lw='3.5mm' slot_length='19mm',-12.9995
4.6,g1='16.5mm' lw='3.5mm' slot_length='19mm',-12.8897
4.7,g1='16.5mm' lw='3.5mm' slot_length='19mm',-12.7756
4.8,g1='16.5mm' lw='3.5mm' slot_length='19mm',-12.6571
4.9,g1='16.5mm' lw='3.5mm' slot_length='19mm',-12.5339
5,g1='16.5mm' lw='3.5mm' slot_length='19mm',-12.406
5.1,g1='16.5mm' lw='3.5mm' slot_length='19mm',-12.2728
5.2,g1='16.5mm' lw='3.5mm' slot_length='19mm',-12.1341
5.3,g1='16.5mm' lw='3.5mm' slot_length='19mm',-11.9893
5.4,g1='16.5mm' lw='3.5mm' slot_length='19mm',-11.8379
5.5,g1='16.5mm' lw='3.5mm' slot_length='19mm',-11.6792
5.6,g1='16.5mm' lw='3.5mm' slot_length='19mm',-11.5127
5.7,g1='16.5mm' lw='3.5mm' slot_length='19mm',-11.3374
5.8,g1='16.5mm' lw='3.5mm' slot_length='19mm',-11.1526
5.9,g1='16.5mm' lw='3.5mm' slot_length='19mm',-10.9574
6,g1='16.5mm' lw='3.5mm' slot_length='19mm',-10.7506
6.1,g1='16.5mm' lw='3.5mm' slot_length='19mm',-10.5314
6.2,g1='16.5mm' lw='3.5mm' slot_length='19mm',-10.299
6.3,g1='16.5mm' lw='3.5mm' slot_length='19mm',-10.0526
6.4,g1='16.5mm' lw='3.5mm' slot_length='19mm',-9.79132
6.5,g1='16.5mm' lw='3.5mm' slot_length='19mm',-9.50705
6.6,g1='16.5mm' lw='3.5mm' slot_length='19mm',-9.16126
6.7,g1='16.5mm' lw='3.5mm' slot_length='19mm',-8.71616
6.8,g1='16.5mm' lw='3.5mm' slot_length='19mm',-8.23758
6.9,g1='16.5mm' lw='3.5mm' slot_length='19mm',-7.74397
7,g1='16.5mm' lw='3.5mm' slot_length='19mm',-7.20323
7.1,g1='16.5mm' lw='3.5mm' slot_length='19mm',-6.58726
7.2,g1='16.5mm' lw='3.5mm' slot_length='19mm',-5.86863
7.3,g1='16.5mm' lw='3.5mm' slot_length='19mm',-5.01218
7.4,g1='16.5mm' lw='3.5mm' slot_length='19mm',-3.96691
7.5,g1='16.5mm' lw='3.5mm' slot_length='19mm',-2.65459
7.6,g1='16.5mm' lw='3.5mm' slot_length='19mm',-0.953444
7.7,g1='16.5mm' lw='3.5mm' slot_length='19mm',1.30041
7.8,g1='16.5mm' lw='3.5mm' slot_length='19mm',4.01792
7.9,g1='16.5mm' lw='3.5mm' slot_length='19mm',4.88524
8,g1='16.5mm' lw='3.5mm' slot_length='19mm',1.39077
8.1,g1='16.5mm' lw='3.5mm' slot_length='19mm',-2.93653
8.2,g1='16.5mm' lw='3.5mm' slot_length='19mm',-6.76015
8.3,g1='16.5mm' lw='3.5mm' slot_length='19mm',-10.1825
8.4,g1='16.5mm' lw='3.5mm' slot_length='19mm',-13.3762
8.5,g1='16.5mm' lw='3.5mm' slot_length='19mm',-16.3992
8.6,g1='16.5mm' lw='3.5mm' slot_length='19mm',-19.0765
8.7,g1='16.5mm' lw='3.5mm' slot_length='19mm',-20.8602
8.8,g1='16.5mm' lw='3.5mm' slot_length='19mm',-21.2247
8.9,g1='16.5mm' lw='3.5mm' slot_length='19mm',-20.4854
9,g1='16.5mm' lw='3.5mm' slot_length='19mm',-19.3427
9.1,g1='16.5mm' lw='3.5mm' slot_length='19mm',-18.1841
9.2,g1='16.5mm' lw='3.5mm' slot_length='19mm',-17.1289
9.3,g1='16.5mm' lw='3.5mm' slot_length='19mm',-16.1935
9.4,g1='16.5mm' lw='3.5mm' slot_length='19mm',-15.3659
9.5,g1='16.5mm' lw='3.5mm' slot_length='19mm',-14.6286
9.6,g1='16.5mm' lw='3.5mm' slot_length='19mm',-13.9662
9.7,g1='16.5mm' lw='3.5mm' slot_length='19mm',-13.3663
9.8,g1='16.5mm' lw='3.5mm' slot_length='19mm',-12.8205
9.9,g1='16.5mm' lw='3.5mm' slot_length='19mm',-12.3252
10,g1='16.5mm' lw='3.5mm' slot_length='19mm',-11.8821
10.1,g1='16.5mm' lw='3.5mm' slot_length='19mm',-11.5006
10.2,g1='16.5mm' lw='3.5mm' slot_length='19mm',-11.1995
10.3,g1='16.5mm' lw='3.5mm' slot_length='19mm',-11.0089
10.4,g1='16.5mm' lw='3.5mm' slot_length='19mm',-10.9698
10.5,g1='16.5mm' lw='3.5mm' slot_length='19mm',-11.1301
10.6,g1='16.5mm' lw='3.5mm' slot_length='19mm',-11.5329
10.7,g1='16.5mm' lw='3.5mm' slot_length='19mm',-12.2028
10.8,g1='16.5mm' lw='3.5mm' slot_length='19mm',-13.1343
10.9,g1='16.5mm' lw='3.5mm' slot_length='19mm',-14.2903
11,g1='16.5mm' lw='3.5mm' slot_length='19mm',-15.6066
11.1,g1='16.5mm' lw='3.5mm' slot_length='19mm',-16.9941
11.2,g1='16.5mm' lw='3.5mm' slot_length='19mm',-18.3329
11.3,g1='16.5mm' lw='3.5mm' slot_length='19mm',-19.4681
11.4,g1='16.5mm' lw='3.5mm' slot_length='19mm',-20.2367
11.5,g1='16.5mm' lw='3.5mm' slot_length='19mm',-20.5416
11.6,g1='16.5mm' lw='3.5mm' slot_length='19mm',-20.413
11.7,g1='16.5mm' lw='3.5mm' slot_length='19mm',-19.9771
11.8,g1='16.5mm' lw='3.5mm' slot_length='19mm',-19.3718
11.9,g1='16.5mm' lw='3.5mm' slot_length='19mm',-18.6965
12,g1='16.5mm' lw='3.5mm' slot_length='19mm',-18.0081
12.1,g1='16.5mm' lw='3.5mm' slot_length='19mm',-17.3343
12.2,g1='16.5mm' lw='3.5mm' slot_length='19mm',-16.6859
12.3,g1='16.5mm' lw='3.5mm' slot_length='19mm',-16.0651
12.4,g1='16.5mm' lw='3.5mm' slot_length='19mm',-15.47
12.5,g1='16.5mm' lw='3.5mm' slot_length='19mm',-14.8971
12.6,g1='16.5mm' lw='3.5mm' slot_length='19mm',-14.3421
12.7,g1='16.5mm' lw='3.5mm' slot_length='19mm',-13.8006
12.8,g1='16.5mm' lw='3.5mm' slot_length='19mm',-13.2684
12.9,g1='16.5mm' lw='3.5mm' slot_length='19mm',-12.7413
13,g1='16.5mm' lw='3.5mm' slot_length='19mm',-12.2156
13.1,g1='16.5mm' lw='3.5mm' slot_length='19mm',-11.6876
13.2,g1='16.5mm' lw='3.5mm' slot_length='19mm',-11.1539
13.3,g1='16.5mm' lw='3.5mm' slot_length='19mm',-10.6114
13.4,g1='16.5mm' lw='3.5mm' slot_length='19mm',-10.0575
13.5,g1='16.5mm' lw='3.5mm' slot_length='19mm',-9.48997
13.6,g1='16.5mm' lw='3.5mm' slot_length='19mm',-8.90795
13.7,g1='16.5mm' lw='3.5mm' slot_length='19mm',-8.31228
13.8,g1='16.5mm' lw='3.5mm' slot_length='19mm',-7.70698
13.9,g1='16.5mm' lw='3.5mm' slot_length='19mm',-7.10118
14,g1='16.5mm' lw='3.5mm' slot_length='19mm',-6.51204
14.1,g1='16.5mm' lw='3.5mm' slot_length='19mm',-5.96838
14.2,g1='16.5mm' lw='3.5mm' slot_length='19mm',-5.51383
14.3,g1='16.5mm' lw='3.5mm' slot_length='19mm',-5.20604
14.4,g1='16.5mm' lw='3.5mm' slot_length='19mm',-5.10703
14.5,g1='16.5mm' lw='3.5mm' slot_length='19mm',-5.26292
14.6,g1='16.5mm' lw='3.5mm' slot_length='19mm',-5.68213
14.7,g1='16.5mm' lw='3.5mm' slot_length='19mm',-6.32877
14.8,g1='16.5mm' lw='3.5mm' slot_length='19mm',-7.13677
14.9,g1='16.5mm' lw='3.5mm' slot_length='19mm',-8.03161
15,g1='16.5mm' lw='3.5mm' slot_length='19mm',-8.94591
1,g1='8.5mm' lw='3.5mm' slot_length='20mm',-11.618
1.1,g1='8.5mm' lw='3.5mm' slot_length='20mm',-11.5476
1.2,g1='8.5mm' lw='3.5mm' slot_length='20mm',-11.4662
1.3,g1='8.5mm' lw='3.5mm' slot_length='20mm',-11.3719
1.4,g1='8.5mm' lw='3.5mm' slot_length='20mm',-11.2621
1.5,g1='8.5mm' lw='3.5mm' slot_length='20mm',-11.1336
1.6,g1='8.5mm' lw='3.5mm' slot_length='20mm',-10.9817
1.7,g1='8.5mm' lw='3.5mm' slot_length='20mm',-10.8002
1.8,g1='8.5mm' lw='3.5mm' slot_length='20mm',-10.58
1.9,g1='8.5mm' lw='3.5mm' slot_length='20mm',-10.3081
2,g1='8.5mm' lw='3.5mm' slot_length='20mm',-9.96627
2.1,g1='8.5mm' lw='3.5mm' slot_length='20mm',-9.53131
2.2,g1='8.5mm' lw='3.5mm' slot_length='20mm',-8.98659
2.3,g1='8.5mm' lw='3.5mm' slot_length='20mm',-8.38952
2.4,g1='8.5mm' lw='3.5mm' slot_length='20mm',-8.12279
2.5,g1='8.5mm' lw='3.5mm' slot_length='20mm',-9.06251
2.6,g1='8.5mm' lw='3.5mm' slot_length='20mm',-11.0034
2.7,g1='8.5mm' lw='3.5mm' slot_length='20mm',-12.3931
2.8,g1='8.5mm' lw='3.5mm' slot_length='20mm',-12.8767
2.9,g1='8.5mm' lw='3.5mm' slot_length='20mm',-12.884
3,g1='8.5mm' lw='3.5mm' slot_length='20mm',-12.7181
3.1,g1='8.5mm' lw='3.5mm' slot_length='20mm',-12.5009
3.2,g1='8.5mm' lw='3.5mm' slot_length='20mm',-12.2744
3.3,g1='8.5mm' lw='3.5mm' slot_length='20mm',-12.0515
3.4,g1='8.5mm' lw='3.5mm' slot_length='20mm',-11.8353
3.5,g1='8.5mm' lw='3.5mm' slot_length='20mm',-11.6257
3.6,g1='8.5mm' lw='3.5mm' slot_length='20mm',-11.4221
3.7,g1='8.5mm' lw='3.5mm' slot_length='20mm',-11.2241
3.8,g1='8.5mm' lw='3.5mm' slot_length='20mm',-11.0321
3.9,g1='8.5mm' lw='3.5mm' slot_length='20mm',-10.8474
4,g1='8.5mm' lw='3.5mm' slot_length='20mm',-10.6729
4.1,g1='8.5mm' lw='3.5mm' slot_length='20mm',-10.5127
4.2,g1='8.5mm' lw='3.5mm' slot_length='20mm',-10.373
4.3,g1='8.5mm' lw='3.5mm' slot_length='20mm',-10.2616
4.4,g1='8.5mm' lw='3.5mm' slot_length='20mm',-10.1882
4.5,g1='8.5mm' lw='3.5mm' slot_length='20mm',-10.1634
4.6,g1='8.5mm' lw='3.5mm' slot_length='20mm',-10.1973
4.7,g1='8.5mm' lw='3.5mm' slot_length='20mm',-10.2974
4.8,g1='8.5mm' lw='3.5mm' slot_length='20mm',-10.4657
4.9,g1='8.5mm' lw='3.5mm' slot_length='20mm',-10.6967
5,g1='8.5mm' lw='3.5mm' slot_length='20mm',-10.9765
5.1,g1='8.5mm' lw='3.5mm' slot_length='20mm',-11.2834
5.2,g1='8.5mm' lw='3.5mm' slot_length='20mm',-11.5917
5.3,g1='8.5mm' lw='3.5mm' slot_length='20mm',-11.8754
5.4,g1='8.5mm' lw='3.5mm' slot_length='20mm',-12.1116
5.5,g1='8.5mm' lw='3.5mm' slot_length='20mm',-12.2833
5.6,g1='8.5mm' lw='3.5mm' slot_length='20mm',-12.3795
5.7,g1='8.5mm' lw='3.5mm' slot_length='20mm',-12.3933
5.8,g1='8.5mm' lw='3.5mm' slot_length='20mm',-12.3187
5.9,g1='8.5mm' lw='3.5mm' slot_length='20mm',-12.1448
6,g1='8.5mm' lw='3.5mm' slot_length='20mm',-11.848
6.1,g1='8.5mm' lw='3.5mm' slot_length='20mm',-11.3806
6.2,g1='8.5mm' lw='3.5mm' slot_length='20mm',-10.6602
6.3,g1='8.5mm' lw='3.5mm' slot_length='20mm',-9.60035
6.4,g1='8.5mm' lw='3.5mm' slot_length='20mm',-8.32659
6.5,g1='8.5mm' lw='3.5mm' slot_length='20mm',-7.55258
6.6,g1='8.5mm' lw='3.5mm' slot_length='20mm',-7.83161
6.7,g1='8.5mm' lw='3.5mm' slot_length='20mm',-8.57064
6.8,g1='8.5mm' lw='3.5mm' slot_length='20mm',-9.22246
6.9,g1='8.5mm' lw='3.5mm' slot_length='20mm',-9.69738
7,g1='8.5mm' lw='3.5mm' slot_length='20mm',-10.0512
7.1,g1='8.5mm' lw='3.5mm' slot_length='20mm',-10.3473
7.2,g1='8.5mm' lw='3.5mm' slot_length='20mm',-10.6327
7.3,g1='8.5mm' lw='3.5mm' slot_length='20mm',-10.9395
7.4,g1='8.5mm' lw='3.5mm' slot_length='20mm',-11.2879
7.5,g1='8.5mm' lw='3.5mm' slot_length='20mm',-11.6886
7.6,g1='8.5mm' lw='3.5mm' slot_length='20mm',-12.1435
7.7,g1='8.5mm' lw='3.5mm' slot_length='20mm',-12.6469
7.8,g1='8.5mm' lw='3.5mm' slot_length='20mm',-13.1867
7.9,g1='8.5mm' lw='3.5mm' slot_length='20mm',-13.7457
8,g1='8.5mm' lw='3.5mm' slot_length='20mm',-14.3035
8.1,g1='8.5mm' lw='3.5mm' slot_length='20mm',-14.8385
8.2,g1='8.5mm' lw='3.5mm' slot_length='20mm',-15.3298
8.3,g1='8.5mm' lw='3.5mm' slot_length='20mm',-15.7594
8.4,g1='8.5mm' lw='3.5mm' slot_length='20mm',-16.1138
8.5,g1='8.5mm' lw='3.5mm' slot_length='20mm',-16.3851
8.6,g1='8.5mm' lw='3.5mm' slot_length='20mm',-16.5715
8.7,g1='8.5mm' lw='3.5mm' slot_length='20mm',-16.677
8.8,g1='8.5mm' lw='3.5mm' slot_length='20mm',-16.7096
8.9,g1='8.5mm' lw='3.5mm' slot_length='20mm',-16.68
9,g1='8.5mm' lw='3.5mm' slot_length='20mm',-16.5999
9.1,g1='8.5mm' lw='3.5mm' slot_length='20mm',-16.4811
9.2,g1='8.5mm' lw='3.5mm' slot_length='20mm',-16.3345
9.3,g1='8.5mm' lw='3.5mm' slot_length='20mm',-16.1699
9.4,g1='8.5mm' lw='3.5mm' slot_length='20mm',-15.9959
9.5,g1='8.5mm' lw='3.5mm' slot_length='20mm',-15.8197
9.6,g1='8.5mm' lw='3.5mm' slot_length='20mm',-15.6476
9.7,g1='8.5mm' lw='3.5mm' slot_length='20mm',-15.4842
9.8,g1='8.5mm' lw='3.5mm' slot_length='20mm',-15.3329
9.9,g1='8.5mm' lw='3.5mm' slot_length='20mm',-15.1957
10,g1='8.5mm' lw='3.5mm' slot_length='20mm',-15.0729
10.1,g1='8.5mm' lw='3.5mm' slot_length='20mm',-14.9635
10.2,g1='8.5mm' lw='3.5mm' slot_length='20mm',-14.8652
10.3,g1='8.5mm' lw='3.5mm' slot_length='20mm',-14.7751
10.4,g1='8.5mm' lw='3.5mm' slot_length='20mm',-14.6897
10.5,g1='8.5mm' lw='3.5mm' slot_length='20mm',-14.6059
10.6,g1='8.5mm' lw='3.5mm' slot_length='20mm',-14.5208
10.7,g1='8.5mm' lw='3.5mm' slot_length='20mm',-14.4321
10.8,g1='8.5mm' lw='3.5mm' slot_length='20mm',-14.3383
10.9,g1='8.5mm' lw='3.5mm' slot_length='20mm',-14.2382
11,g1='8.5mm' lw='3.5mm' slot_length='20mm',-14.1312
11.1,g1='8.5mm' lw='3.5mm' slot_length='20mm',-14.0169
11.2,g1='8.5mm' lw='3.5mm' slot_length='20mm',-13.8954
11.3,g1='8.5mm' lw='3.5mm' slot_length='20mm',-13.7665
11.4,g1='8.5mm' lw='3.5mm' slot_length='20mm',-13.6304
11.5,g1='8.5mm' lw='3.5mm' slot_length='20mm',-13.487
11.6,g1='8.5mm' lw='3.5mm' slot_length='20mm',-13.3363
11.7,g1='8.5mm' lw='3.5mm' slot_length='20mm',-13.1782
11.8,g1='8.5mm' lw='3.5mm' slot_length='20mm',-13.0125
11.9,g1='8.5mm' lw='3.5mm' slot_length='20mm',-12.8392
12,g1='8.5mm' lw='3.5mm' slot_length='20mm',-12.6584
12.1,g1='8.5mm' lw='3.5mm' slot_length='20mm',-12.4703
12.2,g1='8.5mm' lw='3.5mm' slot_length='20mm',-12.2756
12.3,g1='8.5mm' lw='3.5mm' slot_length='20mm',-12.0752
12.4,g1='8.5mm' lw='3.5mm' slot_length='20mm',-11.8706
12.5,g1='8.5mm' lw='3.5mm' slot_length='20mm',-11.6635
12.6,g1='8.5mm' lw='3.5mm' slot_length='20mm',-11.4557
12.7,g1='8.5mm' lw='3.5mm' slot_length='20mm',-11.2488
12.8,g1='8.5mm' lw='3.5mm' slot_length='20mm',-11.0442
12.9,g1='8.5mm' lw='3.5mm' slot_length='20mm',-10.8424
13,g1='8.5mm' lw='3.5mm' slot_length='20mm',-10.6438
13.1,g1='8.5mm' lw='3.5mm' slot_length='20mm',-10.4482
13.2,g1='8.5mm' lw='3.5mm' slot_length='20mm',-10.2549
13.3,g1='8.5mm' lw='3.5mm' slot_length='20mm',-10.0634
13.4,g1='8.5mm' lw='3.5mm' slot_length='20mm',-9.87271
13.5,g1='8.5mm' lw='3.5mm' slot_length='20mm',-9.68217
13.6,g1='8.5mm' lw='3.5mm' slot_length='20mm',-9.49108
13.7,g1='8.5mm' lw='3.5mm' slot_length='20mm',-9.29887
13.8,g1='8.5mm' lw='3.5mm' slot_length='20mm',-9.10506
13.9,g1='8.5mm' lw='3.5mm' slot_length='20mm',-8.90932
14,g1='8.5mm' lw='3.5mm' slot_length='20mm',-8.71137
14.1,g1='8.5mm' lw='3.5mm' slot_length='20mm',-8.51107
14.2,g1='8.5mm' lw='3.5mm' slot_length='20mm',-8.30832
14.3,g1='8.5mm' lw='3.5mm' slot_length='20mm',-8.10313
14.4,g1='8.5mm' lw='3.5mm' slot_length='20mm',-7.89556
14.5,g1='8.5mm' lw='3.5mm' slot_length='20mm',-7.68576
14.6,g1='8.5mm' lw='3.5mm' slot_length='20mm',-7.47394
14.7,g1='8.5mm' lw='3.5mm' slot_length='20mm',-7.2604
14.8,g1='8.5mm' lw='3.5mm' slot_length='20mm',-7.04553
14.9,g1='8.5mm' lw='3.5mm' slot_length='20mm',-6.8298
15,g1='8.5mm' lw='3.5mm' slot_length='20mm',-6.61379
1,g1='12.5mm' lw='3.5mm' slot_length='20mm',-11.6856
1.1,g1='12.5mm' lw='3.5mm' slot_length='20mm',-11.5515
1.2,g1='12.5mm' lw='3.5mm' slot_length='20mm',-11.3892
1.3,g1='12.5mm' lw='3.5mm' slot_length='20mm',-11.191
1.4,g1='12.5mm' lw='3.5mm' slot_length='20mm',-10.9454
1.5,g1='12.5mm' lw='3.5mm' slot_length='20mm',-10.6347
1.6,g1='12.5mm' lw='3.5mm' slot_length='20mm',-10.2309
1.7,g1='12.5mm' lw='3.5mm' slot_length='20mm',-9.68562
1.8,g1='12.5mm' lw='3.5mm' slot_length='20mm',-8.91005
1.9,g1='12.5mm' lw='3.5mm' slot_length='20mm',-7.72318
2,g1='12.5mm' lw='3.5mm' slot_length='20mm',-5.72192
2.1,g1='12.5mm' lw='3.5mm' slot_length='20mm',-2.45592
2.2,g1='12.5mm' lw='3.5mm' slot_length='20mm',-5.8516
2.3,g1='12.5mm' lw='3.5mm' slot_length='20mm',-15.2267
2.4,g1='12.5mm' lw='3.5mm' slot_length='20mm',-19.7819
2.5,g1='12.5mm' lw='3.5mm' slot_length='20mm',-18.9495
2.6,g1='12.5mm' lw='3.5mm' slot_length='20mm',-17.5992
2.7,g1='12.5mm' lw='3.5mm' slot_length='20mm',-16.621
2.8,g1='12.5mm' lw='3.5mm' slot_length='20mm',-15.9255
2.9,g1='12.5mm' lw='3.5mm' slot_length='20mm',-15.4114
3,g1='12.5mm' lw='3.5mm' slot_length='20mm',-15.0177
3.1,g1='12.5mm' lw='3.5mm' slot_length='20mm',-14.7091
3.2,g1='12.5mm' lw='3.5mm' slot_length='20mm',-14.4659
3.3,g1='12.5mm' lw='3.5mm' slot_length='20mm',-14.2772
3.4,g1='12.5mm' lw='3.5mm' slot_length='20mm',-14.1374
3.5,g1='12.5mm' lw='3.5mm' slot_length='20mm',-14.044
3.6,g1='12.5mm' lw='3.5mm' slot_length='20mm',-13.9948
3.7,g1='12.5mm' lw='3.5mm' slot_length='20mm',-13.9859
3.8,g1='12.5mm' lw='3.5mm' slot_length='20mm',-14.0102
3.9,g1='12.5mm' lw='3.5mm' slot_length='20mm',-14.0566
4,g1='12.5mm' lw='3.5mm' slot_length='20mm',-14.1112
4.1,g1='12.5mm' lw='3.5mm' slot_length='20mm',-14.1599
4.2,g1='12.5mm' lw='3.5mm' slot_length='20mm',-14.1915
4.3,g1='12.5mm' lw='3.5mm' slot_length='20mm',-14.1992
4.4,g1='12.5mm' lw='3.5mm' slot_length='20mm',-14.1808
4.5,g1='12.5mm' lw='3.5mm' slot_length='20mm',-14.1374
4.6,g1='12.5mm' lw='3.5mm' slot_length='20mm',-14.0721
4.7,g1='12.5mm' lw='3.5mm' slot_length='20mm',-13.989
4.8,g1='12.5mm' lw='3.5mm' slot_length='20mm',-13.8916
4.9,g1='12.5mm' lw='3.5mm' slot_length='20mm',-13.7832
5,g1='12.5mm' lw='3.5mm' slot_length='20mm',-13.6662
5.1,g1='12.5mm' lw='3.5mm' slot_length='20mm',-13.5424
5.2,g1='12.5mm' lw='3.5mm' slot_length='20mm',-13.4131
5.3,g1='12.5mm' lw='3.5mm' slot_length='20mm',-13.279
5.4,g1='12.5mm' lw='3.5mm' slot_length='20mm',-13.1405
5.5,g1='12.5mm' lw='3.5mm' slot_length='20mm',-12.9978
5.6,g1='12.5mm' lw='3.5mm' slot_length='20mm',-12.8506
5.7,g1='12.5mm' lw='3.5mm' slot_length='20mm',-12.6986
5.8,g1='12.5mm' lw='3.5mm' slot_length='20mm',-12.5411
5.9,g1='12.5mm' lw='3.5mm' slot_length='20mm',-12.377
6,g1='12.5mm' lw='3.5mm' slot_length='20mm',-12.2048
6.1,g1='12.5mm' lw='3.5mm' slot_length='20mm',-12.0222
6.2,g1='12.5mm' lw='3.5mm' slot_length='20mm',-11.8257
6.3,g1='12.5mm' lw='3.5mm' slot_length='20mm',-11.6098
6.4,g1='12.5mm' lw='3.5mm' slot_length='20mm',-11.3663
6.5,g1='12.5mm' lw='3.5mm' slot_length='20mm',-11.086
6.6,g1='12.5mm' lw='3.5mm' slot_length='20mm',-10.7729
6.7,g1='12.5mm' lw='3.5mm' slot_length='20mm',-10.4833
6.8,g1='12.5mm' lw='3.5mm' slot_length='20mm',-10.3085
6.9,g1='12.5mm' lw='3.5mm' slot_length='20mm',-10.2228
7,g1='12.5mm' lw='3.5mm' slot_length='20mm',-10.1257
7.1,g1='12.5mm' lw='3.5mm' slot_length='20mm',-9.9799
7.2,g1='12.5mm' lw='3.5mm' slot_length='20mm',-9.79134
7.3,g1='12.5mm' lw='3.5mm' slot_length='20mm',-9.5713
7.4,g1='12.5mm' lw='3.5mm' slot_length='20mm',-9.32774
7.5,g1='12.5mm' lw='3.5mm' slot_length='20mm',-9.06565
7.6,g1='12.5mm' lw='3.5mm' slot_length='20mm',-8.78845
7.7,g1='12.5mm' lw='3.5mm' slot_length='20mm',-8.49904
7.8,g1='12.5mm' lw='3.5mm' slot_length='20mm',-8.20055
7.9,g1='12.5mm' lw='3.5mm' slot_length='20mm',-7.89685
8,g1='12.5mm' lw='3.5mm' slot_length='20mm',-7.59306
8.1,g1='12.5mm' lw='3.5mm' slot_length='20mm',-7.29587
8.2,g1='12.5mm' lw='3.5mm' slot_length='20mm',-7.01369
8.3,g1='12.5mm' lw='3.5mm' slot_length='20mm',-6.7565
8.4,g1='12.5mm' lw='3.5mm' slot_length='20mm',-6.53525
8.5,g1='12.5mm' lw='3.5mm' slot_length='20mm',-6.3607
8.6,g1='12.5mm' lw='3.5mm' slot_length='20mm',-6.24197
8.7,g1='12.5mm' lw='3.5mm' slot_length='20mm',-6.18518
8.8,g1='12.5mm' lw='3.5mm' slot_length='20mm',-6.19284
8.9,g1='12.5mm' lw='3.5mm' slot_length='20mm',-6.26447
9,g1='12.5mm' lw='3.5mm' slot_length='20mm',-6.39836
9.1,g1='12.5mm' lw='3.5mm' slot_length='20mm',-6.59387
9.2,g1='12.5mm' lw='3.5mm' slot_length='20mm',-6.8531
9.3,g1='12.5mm' lw='3.5mm' slot_length='20mm',-7.18125
9.4,g1='12.5mm' lw='3.5mm' slot_length='20mm',-7.58504
9.5,g1='12.5mm' lw='3.5mm' slot_length='20mm',-8.06984
9.6,g1='12.5mm' lw='3.5mm' slot_length='20mm',-8.63624
9.7,g1='12.5mm' lw='3.5mm' slot_length='20mm',-9.27755
9.8,g1='12.5mm' lw='3.5mm' slot_length='20mm',-9.97912
9.9,g1='12.5mm' lw='3.5mm' slot_length='20mm',-10.7194
10,g1='12.5mm' lw='3.5mm' slot_length='20mm',-11.4722
10.1,g1='12.5mm' lw='3.5mm' slot_length='20mm',-12.209
10.2,g1='12.5mm' lw='3.5mm' slot_length='20mm',-12.9018
10.3,g1='12.5mm' lw='3.5mm' slot_length='20mm',-13.5247
10.4,g1='12.5mm' lw='3.5mm' slot_length='20mm',-14.0564
10.5,g1='12.5mm' lw='3.5mm' slot_length='20mm',-14.482
10.6,g1='12.5mm' lw='3.5mm' slot_length='20mm',-14.7943
10.7,g1='12.5mm' lw='3.5mm' slot_length='20mm',-14.9942
10.8,g1='12.5mm' lw='3.5mm' slot_length='20mm',-15.0895
10.9,g1='12.5mm' lw='3.5mm' slot_length='20mm',-15.0933
11,g1='12.5mm' lw='3.5mm' slot_length='20mm',-15.0212
11.1,g1='12.5mm' lw='3.5mm' slot_length='20mm',-14.8899
11.2,g1='12.5mm' lw='3.5mm' slot_length='20mm',-14.7154
11.3,g1='12.5mm' lw='3.5mm' slot_length='20mm',-14.5126
11.4,g1='12.5mm' lw='3.5mm' slot_length='20mm',-14.2956
11.5,g1='12.5mm' lw='3.5mm' slot_length='20mm',-14.0777
11.6,g1='12.5mm' lw='3.5mm' slot_length='20mm',-13.8721
11.7,g1='12.5mm' lw='3.5mm' slot_length='20mm',-13.6929
11.8,g1='12.5mm' lw='3.5mm' slot_length='20mm',-13.5548
11.9,g1='12.5mm' lw='3.5mm' slot_length='20mm',-13.4737
12,g1='12.5mm' lw='3.5mm' slot_length='20mm',-13.4658
12.1,g1='12.5mm' lw='3.5mm' slot_length='20mm',-13.5461
12.2,g1='12.5mm' lw='3.5mm' slot_length='20mm',-13.7259
12.3,g1='12.5mm' lw='3.5mm' slot_length='20mm',-14.0102
12.4,g1='12.5mm' lw='3.5mm' slot_length='20mm',-14.3941
12.5,g1='12.5mm' lw='3.5mm' slot_length='20mm',-14.8612
12.6,g1='12.5mm' lw='3.5mm' slot_length='20mm',-15.3834
12.7,g1='12.5mm' lw='3.5mm' slot_length='20mm',-15.922
12.8,g1='12.5mm' lw='3.5mm' slot_length='20mm',-16.4315
12.9,g1='12.5mm' lw='3.5mm' slot_length='20mm',-16.8658
13,g1='12.5mm' lw='3.5mm' slot_length='20mm',-17.1854
13.1,g1='12.5mm' lw='3.5mm' slot_length='20mm',-17.3656
13.2,g1='12.5mm' lw='3.5mm' slot_length='20mm',-17.4002
13.3,g1='12.5mm' lw='3.5mm' slot_length='20mm',-17.3006
13.4,g1='12.5mm' lw='3.5mm' slot_length='20mm',-17.0895
13.5,g1='12.5mm' lw='3.5mm' slot_length='20mm',-16.7937
13.6,g1='12.5mm' lw='3.5mm' slot_length='20mm',-16.4386
13.7,g1='12.5mm' lw='3.5mm' slot_length='20mm',-16.0453
13.8,g1='12.5mm' lw='3.5mm' slot_length='20mm',-15.6298
13.9,g1='12.5mm' lw='3.5mm' slot_length='20mm',-15.2035
14,g1='12.5mm' lw='3.5mm' slot_length='20mm',-14.7745
14.1,g1='12.5mm' lw='3.5mm' slot_length='20mm',-14.3482
14.2,g1='12.5mm' lw='3.5mm' slot_length='20mm',-13.9285
14.3,g1='12.5mm' lw='3.5mm' slot_length='20mm',-13.518
14.4,g1='12.5mm' lw='3.5mm' slot_length='20mm',-13.119
14.5,g1='12.5mm' lw='3.5mm' slot_length='20mm',-12.7331
14.6,g1='12.5mm' lw='3.5mm' slot_length='20mm',-12.3622
14.7,g1='12.5mm' lw='3.5mm' slot_length='20mm',-12.0078
14.8,g1='12.5mm' lw='3.5mm' slot_length='20mm',-11.6716
14.9,g1='12.5mm' lw='3.5mm' slot_length='20mm',-11.3554
15,g1='12.5mm' lw='3.5mm' slot_length='20mm',-11.0606
1,g1='16.5mm' lw='3.5mm' slot_length='20mm',-11.4495
1.1,g1='16.5mm' lw='3.5mm' slot_length='20mm',-11.0979
1.2,g1='16.5mm' lw='3.5mm' slot_length='20mm',-10.6035
1.3,g1='16.5mm' lw='3.5mm' slot_length='20mm',-9.86227
1.4,g1='16.5mm' lw='3.5mm' slot_length='20mm',-8.62952
1.5,g1='16.5mm' lw='3.5mm' slot_length='20mm',-6.14374
1.6,g1='16.5mm' lw='3.5mm' slot_length='20mm',2.21089
1.7,g1='16.5mm' lw='3.5mm' slot_length='20mm',-9.56563
1.8,g1='16.5mm' lw='3.5mm' slot_length='20mm',-30.4502
1.9,g1='16.5mm' lw='3.5mm' slot_length='20mm',-22.867
2,g1='16.5mm' lw='3.5mm' slot_length='20mm',-19.2709
2.1,g1='16.5mm' lw='3.5mm' slot_length='20mm',-17.6812
2.2,g1='16.5mm' lw='3.5mm' slot_length='20mm',-16.7672
2.3,g1='16.5mm' lw='3.5mm' slot_length='20mm',-16.1651
2.4,g1='16.5mm' lw='3.5mm' slot_length='20mm',-15.7329
2.5,g1='16.5mm' lw='3.5mm' slot_length='20mm',-15.4034
2.6,g1='16.5mm' lw='3.5mm' slot_length='20mm',-15.141
2.7,g1='16.5mm' lw='3.5mm' slot_length='20mm',-14.9247
2.8,g1='16.5mm' lw='3.5mm' slot_length='20mm',-14.7421
2.9,g1='16.5mm' lw='3.5mm' slot_length='20mm',-14.5851
3,g1='16.5mm' lw='3.5mm' slot_length='20mm',-14.4486
3.1,g1='16.5mm' lw='3.5mm' slot_length='20mm',-14.3292
3.2,g1='16.5mm' lw='3.5mm' slot_length='20mm',-14.2243
3.3,g1='16.5mm' lw='3.5mm' slot_length='20mm',-14.1319
3.4,g1='16.5mm' lw='3.5mm' slot_length='20mm',-14.0496
3.5,g1='16.5mm' lw='3.5mm' slot_length='20mm',-13.9745
3.6,g1='16.5mm' lw='3.5mm' slot_length='20mm',-13.9035
3.7,g1='16.5mm' lw='3.5mm' slot_length='20mm',-13.8335
3.8,g1='16.5mm' lw='3.5mm' slot_length='20mm',-13.7617
3.9,g1='16.5mm' lw='3.5mm' slot_length='20mm',-13.6861
4,g1='16.5mm' lw='3.5mm' slot_length='20mm',-13.6056
4.1,g1='16.5mm' lw='3.5mm' slot_length='20mm',-13.5198
4.2,g1='16.5mm' lw='3.5mm' slot_length='20mm',-13.4288
4.3,g1='16.5mm' lw='3.5mm' slot_length='20mm',-13.3329
4.4,g1='16.5mm' lw='3.5mm' slot_length='20mm',-13.2323
4.5,g1='16.5mm' lw='3.5mm' slot_length='20mm',-13.1273
4.6,g1='16.5mm' lw='3.5mm' slot_length='20mm',-13.018
4.7,g1='16.5mm' lw='3.5mm' slot_length='20mm',-12.9045
4.8,g1='16.5mm' lw='3.5mm' slot_length='20mm',-12.7867
4.9,g1='16.5mm' lw='3.5mm' slot_length='20mm',-12.6644
5,g1='16.5mm' lw='3.5mm' slot_length='20mm',-12.5375
5.1,g1='16.5mm' lw='3.5mm' slot_length='20mm',-12.4056
5.2,g1='16.5mm' lw='3.5mm' slot_length='20mm',-12.2684
5.3,g1='16.5mm' lw='3.5mm' slot_length='20mm',-12.1255
5.4,g1='16.5mm' lw='3.5mm' slot_length='20mm',-11.9763
5.5,g1='16.5mm' lw='3.5mm' slot_length='20mm',-11.8206
5.6,g1='16.5mm' lw='3.5mm' slot_length='20mm',-11.6577
5.7,g1='16.5mm' lw='3.5mm' slot_length='20mm',-11.4875
5.8,g1='16.5mm' lw='3.5mm' slot_length='20mm',-11.3097
5.9,g1='16.5mm' lw='3.5mm' slot_length='20mm',-11.1247
6,g1='16.5mm' lw='3.5mm' slot_length='20mm',-10.9327
6.1,g1='16.5mm' lw='3.5mm' slot_length='20mm',-10.7279
6.2,g1='16.5mm' lw='3.5mm' slot_length='20mm',-10.4701
6.3,g1='16.5mm' lw='3.5mm' slot_length='20mm',-10.1377
6.4,g1='16.5mm' lw='3.5mm' slot_length='20mm',-9.81777
6.5,g1='16.5mm' lw='3.5mm' slot_length='20mm',-9.50441
6.6,g1='16.5mm' lw='3.5mm' slot_length='20mm',-9.1706
6.7,g1='16.5mm' lw='3.5mm' slot_length='20mm',-8.80391
6.8,g1='16.5mm' lw='3.5mm' slot_length='20mm',-8.39576
6.9,g1='16.5mm' lw='3.5mm' slot_length='20mm',-7.9369
7,g1='16.5mm' lw='3.5mm' slot_length='20mm',-7.41549
7.1,g1='16.5mm' lw='3.5mm' slot_length='20mm',-6.8155
7.2,g1='16.5mm' lw='3.5mm' slot_length='20mm',-6.11462
7.3,g1='16.5mm' lw='3.5mm' slot_length='20mm',-5.28067
7.4,g1='16.5mm' lw='3.5mm' slot_length='20mm',-4.2657
7.5,g1='16.5mm' lw='3.5mm' slot_length='20mm',-2.99573
7.6,g1='16.5mm' lw='3.5mm' slot_length='20mm',-1.35466
7.7,g1='16.5mm' lw='3.5mm' slot_length='20mm',0.822522
7.8,g1='16.5mm' lw='3.5mm' slot_length='20mm',3.54249
7.9,g1='16.5mm' lw='3.5mm' slot_length='20mm',4.92566
8,g1='16.5mm' lw='3.5mm' slot_length='20mm',1.79047
8.1,g1='16.5mm' lw='3.5mm' slot_length='20mm',-2.6142
8.2,g1='16.5mm' lw='3.5mm' slot_length='20mm',-6.53935
8.3,g1='16.5mm' lw='3.5mm' slot_length='20mm',-10.0426
8.4,g1='16.5mm' lw='3.5mm' slot_length='20mm',-13.3112
8.5,g1='16.5mm' lw='3.5mm' slot_length='20mm',-16.4248
8.6,g1='16.5mm' lw='3.5mm' slot_length='20mm',-19.2294
8.7,g1='16.5mm' lw='3.5mm' slot_length='20mm',-21.1547
8.8,g1='16.5mm' lw='3.5mm' slot_length='20mm',-21.5777
8.9,g1='16.5mm' lw='3.5mm' slot_length='20mm',-20.8002
9,g1='16.5mm' lw='3.5mm' slot_length='20mm',-19.597
9.1,g1='16.5mm' lw='3.5mm' slot_length='20mm',-18.3886
9.2,g1='16.5mm' lw='3.5mm' slot_length='20mm',-17.2958
9.3,g1='16.5mm' lw='3.5mm' slot_length='20mm',-16.3304
9.4,g1='16.5mm' lw='3.5mm' slot_length='20mm',-15.4762
9.5,g1='16.5mm' lw='3.5mm' slot_length='20mm',-14.713
9.6,g1='16.5mm' lw='3.5mm' slot_length='20mm',-14.0232
9.7,g1='16.5mm' lw='3.5mm' slot_length='20mm',-13.3927
9.8,g1='16.5mm' lw='3.5mm' slot_length='20mm',-12.8113
9.9,g1='16.5mm' lw='3.5mm' slot_length='20mm',-12.273
10,g1='16.5mm' lw='3.5mm' slot_length='20mm',-11.777
10.1,g1='16.5mm' lw='3.5mm' slot_length='20mm',-11.3293
10.2,g1='16.5mm' lw='3.5mm' slot_length='20mm',-10.9453
10.3,g1='16.5mm' lw='3.5mm' slot_length='20mm',-10.6532
10.4,g1='16.5mm' lw='3.5mm' slot_length='20mm',-10.4955
10.5,g1='16.5mm' lw='3.5mm' slot_length='20mm',-10.5274
10.6,g1='16.5mm' lw='3.5mm' slot_length='20mm',-10.8071
10.7,g1='16.5mm' lw='3.5mm' slot_length='20mm',-11.378
10.8,g1='16.5mm' lw='3.5mm' slot_length='20mm',-12.2503
10.9,g1='16.5mm' lw='3.5mm' slot_length='20mm',-13.3947
11,g1='16.5mm' lw='3.5mm' slot_length='20mm',-14.7498
11.1,g1='16.5mm' lw='3.5mm' slot_length='20mm',-16.2319
11.2,g1='16.5mm' lw='3.5mm' slot_length='20mm',-17.7327
11.3,g1='16.5mm' lw='3.5mm' slot_length='20mm',-19.1067
11.4,g1='16.5mm' lw='3.5mm' slot_length='20mm',-20.1723
11.5,g1='16.5mm' lw='3.5mm' slot_length='20mm',-20.7674
11.6,g1='16.5mm' lw='3.5mm' slot_length='20mm',-20.8483
11.7,g1='16.5mm' lw='3.5mm' slot_length='20mm',-20.5176
11.8,g1='16.5mm' lw='3.5mm' slot_length='20mm',-19.9389
11.9,g1='16.5mm' lw='3.5mm' slot_length='20mm',-19.2478
12,g1='16.5mm' lw='3.5mm' slot_length='20mm',-18.5262
12.1,g1='16.5mm' lw='3.5mm' slot_length='20mm',-17.8152
12.2,g1='16.5mm' lw='3.5mm' slot_length='20mm',-17.1316
12.3,g1='16.5mm' lw='3.5mm' slot_length='20mm',-16.4799
12.4,g1='16.5mm' lw='3.5mm' slot_length='20mm',-15.8591
12.5,g1='16.5mm' lw='3.5mm' slot_length='20mm',-15.2654
12.6,g1='16.5mm' lw='3.5mm' slot_length='20mm',-14.6943
12.7,g1='16.5mm' lw='3.5mm' slot_length='20mm',-14.1412
12.8,g1='16.5mm' lw='3.5mm' slot_length='20mm',-13.6016
12.9,g1='16.5mm' lw='3.5mm' slot_length='20mm',-13.0712
13,g1='16.5mm' lw='3.5mm' slot_length='20mm',-12.5461
13.1,g1='16.5mm' lw='3.5mm' slot_length='20mm',-12.0225
13.2,g1='16.5mm' lw='3.5mm' slot_length='20mm',-11.497
13.3,g1='16.5mm' lw='3.5mm' slot_length='20mm',-10.9664
13.4,g1='16.5mm' lw='3.5mm' slot_length='20mm',-10.4277
13.5,g1='16.5mm' lw='3.5mm' slot_length='20mm',-9.87851
13.6,g1='16.5mm' lw='3.5mm' slot_length='20mm',-9.31713
13.7,g1='16.5mm' lw='3.5mm' slot_length='20mm',-8.74307
13.8,g1='16.5mm' lw='3.5mm' slot_length='20mm',-8.15791
13.9,g1='16.5mm' lw='3.5mm' slot_length='20mm',-7.56672
14,g1='16.5mm' lw='3.5mm' slot_length='20mm',-6.98007
14.1,g1='16.5mm' lw='3.5mm' slot_length='20mm',-6.41697
14.2,g1='16.5mm' lw='3.5mm' slot_length='20mm',-5.90801
14.3,g1='16.5mm' lw='3.5mm' slot_length='20mm',-5.49738
14.4,g1='16.5mm' lw='3.5mm' slot_length='20mm',-5.24008
14.5,g1='16.5mm' lw='3.5mm' slot_length='20mm',-5.19027
14.6,g1='16.5mm' lw='3.5mm' slot_length='20mm',-5.38176
14.7,g1='16.5mm' lw='3.5mm' slot_length='20mm',-5.81101
14.8,g1='16.5mm' lw='3.5mm' slot_length='20mm',-6.43638
14.9,g1='16.5mm' lw='3.5mm' slot_length='20mm',-7.19404
15,g1='16.5mm' lw='3.5mm' slot_length='20mm',-8.0177
1,g1='8.5mm' lw='5.25mm' slot_length='16mm',-12.0051
1.1,g1='8.5mm' lw='5.25mm' slot_length='16mm',-11.9149
1.2,g1='8.5mm' lw='5.25mm' slot_length='16mm',-11.8119
1.3,g1='8.5mm' lw='5.25mm' slot_length='16mm',-11.6946
1.4,g1='8.5mm' lw='5.25mm' slot_length='16mm',-11.5608
1.5,g1='8.5mm' lw='5.25mm' slot_length='16mm',-11.408
1.6,g1='8.5mm' lw='5.25mm' slot_length='16mm',-11.2326
1.7,g1='8.5mm' lw='5.25mm' slot_length='16mm',-11.03
1.8,g1='8.5mm' lw='5.25mm' slot_length='16mm',-10.7941
1.9,g1='8.5mm' lw='5.25mm' slot_length='16mm',-10.5167
2,g1='8.5mm' lw='5.25mm' slot_length='16mm',-10.1873
2.1,g1='8.5mm' lw='5.25mm' slot_length='16mm',-9.79257
2.2,g1='8.5mm' lw='5.25mm' slot_length='16mm',-9.31905
2.3,g1='8.5mm' lw='5.25mm' slot_length='16mm',-8.76437
2.4,g1='8.5mm' lw='5.25mm' slot_length='16mm',-8.17611
2.5,g1='8.5mm' lw='5.25mm' slot_length='16mm',-7.75135
2.6,g1='8.5mm' lw='5.25mm' slot_length='16mm',-7.91452
2.7,g1='8.5mm' lw='5.25mm' slot_length='16mm',-8.90674
2.8,g1='8.5mm' lw='5.25mm' slot_length='16mm',-10.2035
2.9,g1='8.5mm' lw='5.25mm' slot_length='16mm',-11.1504
3,g1='8.5mm' lw='5.25mm' slot_length='16mm',-11.601
3.1,g1='8.5mm' lw='5.25mm' slot_length='16mm',-11.6982
3.2,g1='8.5mm' lw='5.25mm' slot_length='16mm',-11.5963
3.3,g1='8.5mm' lw='5.25mm' slot_length='16mm',-11.3901
3.4,g1='8.5mm' lw='5.25mm' slot_length='16mm',-11.1291
3.5,g1='8.5mm' lw='5.25mm' slot_length='16mm',-10.8378
3.6,g1='8.5mm' lw='5.25mm' slot_length='16mm',-10.5284
3.7,g1='8.5mm' lw='5.25mm' slot_length='16mm',-10.2078
3.8,g1='8.5mm' lw='5.25mm' slot_length='16mm',-9.88063
3.9,g1='8.5mm' lw='5.25mm' slot_length='16mm',-9.55191
4,g1='8.5mm' lw='5.25mm' slot_length='16mm',-9.22794
4.1,g1='8.5mm' lw='5.25mm' slot_length='16mm',-8.91767
4.2,g1='8.5mm' lw='5.25mm' slot_length='16mm',-8.63372
4.3,g1='8.5mm' lw='5.25mm' slot_length='16mm',-8.39299
4.4,g1='8.5mm' lw='5.25mm' slot_length='16mm',-8.2166
4.5,g1='8.5mm' lw='5.25mm' slot_length='16mm',-8.12825
4.6,g1='8.5mm' lw='5.25mm' slot_length='16mm',-8.15049
4.7,g1='8.5mm' lw='5.25mm' slot_length='16mm',-8.29925
4.8,g1='8.5mm' lw='5.25mm' slot_length='16mm',-8.5782
4.9,g1='8.5mm' lw='5.25mm' slot_length='16mm',-8.97553
5,g1='8.5mm' lw='5.25mm' slot_length='16mm',-9.46507
5.1,g1='8.5mm' lw='5.25mm' slot_length='16mm',-10.0109
5.2,g1='8.5mm' lw='5.25mm' slot_length='16mm',-10.5735
5.3,g1='8.5mm' lw='5.25mm' slot_length='16mm',-11.1151
5.4,g1='8.5mm' lw='5.25mm' slot_length='16mm',-11.6033
5.5,g1='8.5mm' lw='5.25mm' slot_length='16mm',-12.0139
5.6,g1='8.5mm' lw='5.25mm' slot_length='16mm',-12.3314
5.7,g1='8.5mm' lw='5.25mm' slot_length='16mm',-12.55
5.8,g1='8.5mm' lw='5.25mm' slot_length='16mm',-12.672
5.9,g1='8.5mm' lw='5.25mm' slot_length='16mm',-12.7067
6,g1='8.5mm' lw='5.25mm' slot_length='16mm',-12.6677
6.1,g1='8.5mm' lw='5.25mm' slot_length='16mm',-12.5711
6.2,g1='8.5mm' lw='5.25mm' slot_length='16mm',-12.4336
6.3,g1='8.5mm' lw='5.25mm' slot_length='16mm',-12.2717
6.4,g1='8.5mm' lw='5.25mm' slot_length='16mm',-12.1009
6.5,g1='8.5mm' lw='5.25mm' slot_length='16mm',-11.9363
6.6,g1='8.5mm' lw='5.25mm' slot_length='16mm',-11.7924
6.7,g1='8.5mm' lw='5.25mm' slot_length='16mm',-11.6835
6.8,g1='8.5mm' lw='5.25mm' slot_length='16mm',-11.6234
6.9,g1='8.5mm' lw='5.25mm' slot_length='16mm',-11.6256
7,g1='8.5mm' lw='5.25mm' slot_length='16mm',-11.7016
7.1,g1='8.5mm' lw='5.25mm' slot_length='16mm',-11.8605
7.2,g1='8.5mm' lw='5.25mm' slot_length='16mm',-12.1072
7.3,g1='8.5mm' lw='5.25mm' slot_length='16mm',-12.4423
7.4,g1='8.5mm' lw='5.25mm' slot_length='16mm',-12.8617
7.5,g1='8.5mm' lw='5.25mm' slot_length='16mm',-13.3581
7.6,g1='8.5mm' lw='5.25mm' slot_length='16mm',-13.9229
7.7,g1='8.5mm' lw='5.25mm' slot_length='16mm',-14.5503
7.8,g1='8.5mm' lw='5.25mm' slot_length='16mm',-15.2448
7.9,g1='8.5mm' lw='5.25mm' slot_length='16mm',-16.038
8,g1='8.5mm' lw='5.25mm' slot_length='16mm',-17.0175
8.1,g1='8.5mm' lw='5.25mm' slot_length='16mm',-18.25
8.2,g1='8.5mm' lw='5.25mm' slot_length='16mm',-19.2544
8.3,g1='8.5mm' lw='5.25mm' slot_length='16mm',-19.547
8.4,g1='8.5mm' lw='5.25mm' slot_length='16mm',-19.6271
8.5,g1='8.5mm' lw='5.25mm' slot_length='16mm',-19.7334
8.6,g1='8.5mm' lw='5.25mm' slot_length='16mm',-19.8406
8.7,g1='8.5mm' lw='5.25mm' slot_length='16mm',-19.9048
8.8,g1='8.5mm' lw='5.25mm' slot_length='16mm',-19.9025
8.9,g1='8.5mm' lw='5.25mm' slot_length='16mm',-19.8264
9,g1='8.5mm' lw='5.25mm' slot_length='16mm',-19.6801
9.1,g1='8.5mm' lw='5.25mm' slot_length='16mm',-19.4735
9.2,g1='8.5mm' lw='5.25mm' slot_length='16mm',-19.2198
9.3,g1='8.5mm' lw='5.25mm' slot_length='16mm',-18.9329
9.4,g1='8.5mm' lw='5.25mm' slot_length='16mm',-18.6258
9.5,g1='8.5mm' lw='5.25mm' slot_length='16mm',-18.3098
9.6,g1='8.5mm' lw='5.25mm' slot_length='16mm',-17.9943
9.7,g1='8.5mm' lw='5.25mm' slot_length='16mm',-17.6863
9.8,g1='8.5mm' lw='5.25mm' slot_length='16mm',-17.3907
9.9,g1='8.5mm' lw='5.25mm' slot_length='16mm',-17.1106
10,g1='8.5mm' lw='5.25mm' slot_length='16mm',-16.8471
10.1,g1='8.5mm' lw='5.25mm' slot_length='16mm',-16.6
10.2,g1='8.5mm' lw='5.25mm' slot_length='16mm',-16.368
10.3,g1='8.5mm' lw='5.25mm' slot_length='16mm',-16.1487
10.4,g1='8.5mm' lw='5.25mm' slot_length='16mm',-15.9394
10.5,g1='8.5mm' lw='5.25mm' slot_length='16mm',-15.7369
10.6,g1='8.5mm' lw='5.25mm' slot_length='16mm',-15.5382
10.7,g1='8.5mm' lw='5.25mm' slot_length='16mm',-15.3399
10.8,g1='8.5mm' lw='5.25mm' slot_length='16mm',-15.1394
10.9,g1='8.5mm' lw='5.25mm' slot_length='16mm',-14.9338
11,g1='8.5mm' lw='5.25mm' slot_length='16mm',-14.7209
11.1,g1='8.5mm' lw='5.25mm' slot_length='16mm',-14.4985
11.2,g1='8.5mm' lw='5.25mm' slot_length='16mm',-14.2649
11.3,g1='8.5mm' lw='5.25mm' slot_length='16mm',-14.0185
11.4,g1='8.5mm' lw='5.25mm' slot_length='16mm',-13.7582
11.5,g1='8.5mm' lw='5.25mm' slot_length='16mm',-13.483
11.6,g1='8.5mm' lw='5.25mm' slot_length='16mm',-13.192
11.7,g1='8.5mm' lw='5.25mm' slot_length='16mm',-12.8848
11.8,g1='8.5mm' lw='5.25mm' slot_length='16mm',-12.561
11.9,g1='8.5mm' lw='5.25mm' slot_length='16mm',-12.2205
12,g1='8.5mm' lw='5.25mm' slot_length='16mm',-11.8636
12.1,g1='8.5mm' lw='5.25mm' slot_length='16mm',-11.4906
12.2,g1='8.5mm' lw='5.25mm' slot_length='16mm',-11.1022
12.3,g1='8.5mm' lw='5.25mm' slot_length='16mm',-10.6994
12.4,g1='8.5mm' lw='5.25mm' slot_length='16mm',-10.2831
12.5,g1='8.5mm' lw='5.25mm' slot_length='16mm',-9.85473
12.6,g1='8.5mm' lw='5.25mm' slot_length='16mm',-9.41563
12.7,g1='8.5mm' lw='5.25mm' slot_length='16mm',-8.96726
12.8,g1='8.5mm' lw='5.25mm' slot_length='16mm',-8.51101
12.9,g1='8.5mm' lw='5.25mm' slot_length='16mm',-8.0482
13,g1='8.5mm' lw='5.25mm' slot_length='16mm',-7.57996
13.1,g1='8.5mm' lw='5.25mm' slot_length='16mm',-7.10716
13.2,g1='8.5mm' lw='5.25mm' slot_length='16mm',-6.63041
13.3,g1='8.5mm' lw='5.25mm' slot_length='16mm',-6.15003
13.4,g1='8.5mm' lw='5.25mm' slot_length='16mm',-5.66606
13.5,g1='8.5mm' lw='5.25mm' slot_length='16mm',-5.17837
13.6,g1='8.5mm' lw='5.25mm' slot_length='16mm',-4.6867
13.7,g1='8.5mm' lw='5.25mm' slot_length='16mm',-4.19085
13.8,g1='8.5mm' lw='5.25mm' slot_length='16mm',-3.69082
13.9,g1='8.5mm' lw='5.25mm' slot_length='16mm',-3.18705
14,g1='8.5mm' lw='5.25mm' slot_length='16mm',-2.6807
14.1,g1='8.5mm' lw='5.25mm' slot_length='16mm',-2.17395
14.2,g1='8.5mm' lw='5.25mm' slot_length='16mm',-1.67035
14.3,g1='8.5mm' lw='5.25mm' slot_length='16mm',-1.17523
14.4,g1='8.5mm' lw='5.25mm' slot_length='16mm',-0.696017
14.5,g1='8.5mm' lw='5.25mm' slot_length='16mm',-0.242446
14.6,g1='8.5mm' lw='5.25mm' slot_length='16mm',0.173488
14.7,g1='8.5mm' lw='5.25mm' slot_length='16mm',0.538122
14.8,g1='8.5mm' lw='5.25mm' slot_length='16mm',0.83733
14.9,g1='8.5mm' lw='5.25mm' slot_length='16mm',1.05839
15,g1='8.5mm' lw='5.25mm' slot_length='16mm',1.19218
1,g1='8.5mm' lw='5.25mm' slot_length='18mm',-11.809
1.1,g1='8.5mm' lw='5.25mm' slot_length='18mm',-11.7194
1.2,g1='8.5mm' lw='5.25mm' slot_length='18mm',-11.6171
1.3,g1='8.5mm' lw='5.25mm' slot_length='18mm',-11.5006
1.4,g1='8.5mm' lw='5.25mm' slot_length='18mm',-11.3678
1.5,g1='8.5mm' lw='5.25mm' slot_length='18mm',-11.216
1.6,g1='8.5mm' lw='5.25mm' slot_length='18mm',-11.0417
1.7,g1='8.5mm' lw='5.25mm' slot_length='18mm',-10.8405
1.8,g1='8.5mm' lw='5.25mm' slot_length='18mm',-10.6062
1.9,g1='8.5mm' lw='5.25mm' slot_length='18mm',-10.3308
2,g1='8.5mm' lw='5.25mm' slot_length='18mm',-10.0036
2.1,g1='8.5mm' lw='5.25mm' slot_length='18mm',-9.61142
2.2,g1='8.5mm' lw='5.25mm' slot_length='18mm',-9.14104
2.3,g1='8.5mm' lw='5.25mm' slot_length='18mm',-8.59024
2.4,g1='8.5mm' lw='5.25mm' slot_length='18mm',-8.00714
2.5,g1='8.5mm' lw='5.25mm' slot_length='18mm',-7.58994
2.6,g1='8.5mm' lw='5.25mm' slot_length='18mm',-7.76293
2.7,g1='8.5mm' lw='5.25mm' slot_length='18mm',-8.76008
2.8,g1='8.5mm' lw='5.25mm' slot_length='18mm',-10.0494
2.9,g1='8.5mm' lw='5.25mm' slot_length='18mm',-10.9815
3,g1='8.5mm' lw='5.25mm' slot_length='18mm',-11.419
3.1,g1='8.5mm' lw='5.25mm' slot_length='18mm',-11.5078
3.2,g1='8.5mm' lw='5.25mm' slot_length='18mm',-11.4013
3.3,g1='8.5mm' lw='5.25mm' slot_length='18mm',-11.193
3.4,g1='8.5mm' lw='5.25mm' slot_length='18mm',-10.9312
3.5,g1='8.5mm' lw='5.25mm' slot_length='18mm',-10.6397
3.6,g1='8.5mm' lw='5.25mm' slot_length='18mm',-10.3303
3.7,g1='8.5mm' lw='5.25mm' slot_length='18mm',-10.0094
3.8,g1='8.5mm' lw='5.25mm' slot_length='18mm',-9.68154
3.9,g1='8.5mm' lw='5.25mm' slot_length='18mm',-9.35137
4,g1='8.5mm' lw='5.25mm' slot_length='18mm',-9.02488
4.1,g1='8.5mm' lw='5.25mm' slot_length='18mm',-8.71068
4.2,g1='8.5mm' lw='5.25mm' slot_length='18mm',-8.4211
4.3,g1='8.5mm' lw='5.25mm' slot_length='18mm',-8.17292
4.4,g1='8.5mm' lw='5.25mm' slot_length='18mm',-7.9875
4.5,g1='8.5mm' lw='5.25mm' slot_length='18mm',-7.88937
4.6,g1='8.5mm' lw='5.25mm' slot_length='18mm',-7.90271
4.7,g1='8.5mm' lw='5.25mm' slot_length='18mm',-8.04568
4.8,g1='8.5mm' lw='5.25mm' slot_length='18mm',-8.32432
4.9,g1='8.5mm' lw='5.25mm' slot_length='18mm',-8.72858
5,g1='8.5mm' lw='5.25mm' slot_length='18mm',-9.23281
5.1,g1='8.5mm' lw='5.25mm' slot_length='18mm',-9.80032
5.2,g1='8.5mm' lw='5.25mm' slot_length='18mm',-10.3897
5.3,g1='8.5mm' lw='5.25mm' slot_length='18mm',-10.9605
5.4,g1='8.5mm' lw='5.25mm' slot_length='18mm',-11.4775
5.5,g1='8.5mm' lw='5.25mm' slot_length='18mm',-11.9135
5.6,g1='8.5mm' lw='5.25mm' slot_length='18mm',-12.2503
5.7,g1='8.5mm' lw='5.25mm' slot_length='18mm',-12.4798
5.8,g1='8.5mm' lw='5.25mm' slot_length='18mm',-12.603
5.9,g1='8.5mm' lw='5.25mm' slot_length='18mm',-12.6279
6,g1='8.5mm' lw='5.25mm' slot_length='18mm',-12.5673
6.1,g1='8.5mm' lw='5.25mm' slot_length='18mm',-12.436
6.2,g1='8.5mm' lw='5.25mm' slot_length='18mm',-12.2492
6.3,g1='8.5mm' lw='5.25mm' slot_length='18mm',-12.0205
6.4,g1='8.5mm' lw='5.25mm' slot_length='18mm',-11.7613
6.5,g1='8.5mm' lw='5.25mm' slot_length='18mm',-11.4799
6.6,g1='8.5mm' lw='5.25mm' slot_length='18mm',-11.1811
6.7,g1='8.5mm' lw='5.25mm' slot_length='18mm',-10.8643
6.8,g1='8.5mm' lw='5.25mm' slot_length='18mm',-10.5222
6.9,g1='8.5mm' lw='5.25mm' slot_length='18mm',-10.142
7,g1='8.5mm' lw='5.25mm' slot_length='18mm',-9.72803
7.1,g1='8.5mm' lw='5.25mm' slot_length='18mm',-9.44191
7.2,g1='8.5mm' lw='5.25mm' slot_length='18mm',-10.0073
7.3,g1='8.5mm' lw='5.25mm' slot_length='18mm',-11.952
7.4,g1='8.5mm' lw='5.25mm' slot_length='18mm',-13.7075
7.5,g1='8.5mm' lw='5.25mm' slot_length='18mm',-14.5909
7.6,g1='8.5mm' lw='5.25mm' slot_length='18mm',-15.0949
7.7,g1='8.5mm' lw='5.25mm' slot_length='18mm',-15.526
7.8,g1='8.5mm' lw='5.25mm' slot_length='18mm',-15.9753
7.9,g1='8.5mm' lw='5.25mm' slot_length='18mm',-16.4559
8,g1='8.5mm' lw='5.25mm' slot_length='18mm',-16.9575
8.1,g1='8.5mm' lw='5.25mm' slot_length='18mm',-17.4624
8.2,g1='8.5mm' lw='5.25mm' slot_length='18mm',-17.9509
8.3,g1='8.5mm' lw='5.25mm' slot_length='18mm',-18.4031
8.4,g1='8.5mm' lw='5.25mm' slot_length='18mm',-18.8004
8.5,g1='8.5mm' lw='5.25mm' slot_length='18mm',-19.1263
8.6,g1='8.5mm' lw='5.25mm' slot_length='18mm',-19.3686
8.7,g1='8.5mm' lw='5.25mm' slot_length='18mm',-19.5198
8.8,g1='8.5mm' lw='5.25mm' slot_length='18mm',-19.5785
8.9,g1='8.5mm' lw='5.25mm' slot_length='18mm',-19.5493
9,g1='8.5mm' lw='5.25mm' slot_length='18mm',-19.4413
9.1,g1='8.5mm' lw='5.25mm' slot_length='18mm',-19.2668
9.2,g1='8.5mm' lw='5.25mm' slot_length='18mm',-19.0401
9.3,g1='8.5mm' lw='5.25mm' slot_length='18mm',-18.7755
9.4,g1='8.5mm' lw='5.25mm' slot_length='18mm',-18.4865
9.5,g1='8.5mm' lw='5.25mm' slot_length='18mm',-18.1853
9.6,g1='8.5mm' lw='5.25mm' slot_length='18mm',-17.8821
9.7,g1='8.5mm' lw='5.25mm' slot_length='18mm',-17.585
9.8,g1='8.5mm' lw='5.25mm' slot_length='18mm',-17.2999
9.9,g1='8.5mm' lw='5.25mm' slot_length='18mm',-17.0301
10,g1='8.5mm' lw='5.25mm' slot_length='18mm',-16.7769
10.1,g1='8.5mm' lw='5.25mm' slot_length='18mm',-16.5396
10.2,g1='8.5mm' lw='5.25mm' slot_length='18mm',-16.316
10.3,g1='8.5mm' lw='5.25mm' slot_length='18mm',-16.103
10.4,g1='8.5mm' lw='5.25mm' slot_length='18mm',-15.8971
10.5,g1='8.5mm' lw='5.25mm' slot_length='18mm',-15.6947
10.6,g1='8.5mm' lw='5.25mm' slot_length='18mm',-15.4925
10.7,g1='8.5mm' lw='5.25mm' slot_length='18mm',-15.2877
10.8,g1='8.5mm' lw='5.25mm' slot_length='18mm',-15.0779
10.9,g1='8.5mm' lw='5.25mm' slot_length='18mm',-14.8613
11,g1='8.5mm' lw='5.25mm' slot_length='18mm',-14.6363
11.1,g1='8.5mm' lw='5.25mm' slot_length='18mm',-14.4017
11.2,g1='8.5mm' lw='5.25mm' slot_length='18mm',-14.1567
11.3,g1='8.5mm' lw='5.25mm' slot_length='18mm',-13.9005
11.4,g1='8.5mm' lw='5.25mm' slot_length='18mm',-13.6323
11.5,g1='8.5mm' lw='5.25mm' slot_length='18mm',-13.3515
11.6,g1='8.5mm' lw='5.25mm' slot_length='18mm',-13.0576
11.7,g1='8.5mm' lw='5.25mm' slot_length='18mm',-12.7501
11.8,g1='8.5mm' lw='5.25mm' slot_length='18mm',-12.4284
11.9,g1='8.5mm' lw='5.25mm' slot_length='18mm',-12.0923
12,g1='8.5mm' lw='5.25mm' slot_length='18mm',-11.7415
12.1,g1='8.5mm' lw='5.25mm' slot_length='18mm',-11.3761
12.2,g1='8.5mm' lw='5.25mm' slot_length='18mm',-10.9963
12.3,g1='8.5mm' lw='5.25mm' slot_length='18mm',-10.6027
12.4,g1='8.5mm' lw='5.25mm' slot_length='18mm',-10.1963
12.5,g1='8.5mm' lw='5.25mm' slot_length='18mm',-9.77818
12.6,g1='8.5mm' lw='5.25mm' slot_length='18mm',-9.34996
12.7,g1='8.5mm' lw='5.25mm' slot_length='18mm',-8.9133
12.8,g1='8.5mm' lw='5.25mm' slot_length='18mm',-8.46993
12.9,g1='8.5mm' lw='5.25mm' slot_length='18mm',-8.02155
13,g1='8.5mm' lw='5.25mm' slot_length='18mm',-7.56963
13.1,g1='8.5mm' lw='5.25mm' slot_length='18mm',-7.11534
13.2,g1='8.5mm' lw='5.25mm' slot_length='18mm',-6.65949
13.3,g1='8.5mm' lw='5.25mm' slot_length='18mm',-6.20245
13.4,g1='8.5mm' lw='5.25mm' slot_length='18mm',-5.74429
13.5,g1='8.5mm' lw='5.25mm' slot_length='18mm',-5.28477
13.6,g1='8.5mm' lw='5.25mm' slot_length='18mm',-4.82356
13.7,g1='8.5mm' lw='5.25mm' slot_length='18mm',-4.3603
13.8,g1='8.5mm' lw='5.25mm' slot_length='18mm',-3.89485
13.9,g1='8.5mm' lw='5.25mm' slot_length='18mm',-3.42744
14,g1='8.5mm' lw='5.25mm' slot_length='18mm',-2.95887
14.1,g1='8.5mm' lw='5.25mm' slot_length='18mm',-2.49078
14.2,g1='8.5mm' lw='5.25mm' slot_length='18mm',-2.02583
14.3,g1='8.5mm' lw='5.25mm' slot_length='18mm',-1.56798
14.4,g1='8.5mm' lw='5.25mm' slot_length='18mm',-1.12271
14.5,g1='8.5mm' lw='5.25mm' slot_length='18mm',-0.697177
14.6,g1='8.5mm' lw='5.25mm' slot_length='18mm',-0.300244
14.7,g1='8.5mm' lw='5.25mm' slot_length='18mm',0.057735
14.8,g1='8.5mm' lw='5.25mm' slot_length='18mm',0.365504
14.9,g1='8.5mm' lw='5.25mm' slot_length='18mm',0.611884
15,g1='8.5mm' lw='5.25mm' slot_length='18mm',0.787116
1,g1='12.5mm' lw='5.25mm' slot_length='18mm',-11.021
1.1,g1='12.5mm' lw='5.25mm' slot_length='18mm',-10.871
1.2,g1='12.5mm' lw='5.25mm' slot_length='18mm',-10.6946
1.3,g1='12.5mm' lw='5.25mm' slot_length='18mm',-10.4866
1.4,g1='12.5mm' lw='5.25mm' slot_length='18mm',-10.2396
1.5,g1='12.5mm' lw='5.25mm' slot_length='18mm',-9.9434
1.6,g1='12.5mm' lw='5.25mm' slot_length='18mm',-9.58325
1.7,g1='12.5mm' lw='5.25mm' slot_length='18mm',-9.13725
1.8,g1='12.5mm' lw='5.25mm' slot_length='18mm',-8.57143
1.9,g1='12.5mm' lw='5.25mm' slot_length='18mm',-7.83051
2,g1='12.5mm' lw='5.25mm' slot_length='18mm',-6.81953
2.1,g1='12.5mm' lw='5.25mm' slot_length='18mm',-5.36798
2.2,g1='12.5mm' lw='5.25mm' slot_length='18mm',-3.19776
2.3,g1='12.5mm' lw='5.25mm' slot_length='18mm',-0.595716
2.4,g1='12.5mm' lw='5.25mm' slot_length='18mm',-2.74739
2.5,g1='12.5mm' lw='5.25mm' slot_length='18mm',-9.00869
2.6,g1='12.5mm' lw='5.25mm' slot_length='18mm',-14.1571
2.7,g1='12.5mm' lw='5.25mm' slot_length='18mm',-16.997
2.8,g1='12.5mm' lw='5.25mm' slot_length='18mm',-17.5388
2.9,g1='12.5mm' lw='5.25mm' slot_length='18mm',-17.0505
3,g1='12.5mm' lw='5.25mm' slot_length='18mm',-16.374
3.1,g1='12.5mm' lw='5.25mm' slot_length='18mm',-15.7592
3.2,g1='12.5mm' lw='5.25mm' slot_length='18mm',-15.2529
3.3,g1='12.5mm' lw='5.25mm' slot_length='18mm',-14.8555
3.4,g1='12.5mm' lw='5.25mm' slot_length='18mm',-14.5618
3.5,g1='12.5mm' lw='5.25mm' slot_length='18mm',-14.3691
3.6,g1='12.5mm' lw='5.25mm' slot_length='18mm',-14.2772
3.7,g1='12.5mm' lw='5.25mm' slot_length='18mm',-14.2849
3.8,g1='12.5mm' lw='5.25mm' slot_length='18mm',-14.3847
3.9,g1='12.5mm' lw='5.25mm' slot_length='18mm',-14.5597
4,g1='12.5mm' lw='5.25mm' slot_length='18mm',-14.7823
4.1,g1='12.5mm' lw='5.25mm' slot_length='18mm',-15.0176
4.2,g1='12.5mm' lw='5.25mm' slot_length='18mm',-15.2303
4.3,g1='12.5mm' lw='5.25mm' slot_length='18mm',-15.3925
4.4,g1='12.5mm' lw='5.25mm' slot_length='18mm',-15.4881
4.5,g1='12.5mm' lw='5.25mm' slot_length='18mm',-15.5133
4.6,g1='12.5mm' lw='5.25mm' slot_length='18mm',-15.4736
4.7,g1='12.5mm' lw='5.25mm' slot_length='18mm',-15.3794
4.8,g1='12.5mm' lw='5.25mm' slot_length='18mm',-15.2425
4.9,g1='12.5mm' lw='5.25mm' slot_length='18mm',-15.0736
5,g1='12.5mm' lw='5.25mm' slot_length='18mm',-14.8817
5.1,g1='12.5mm' lw='5.25mm' slot_length='18mm',-14.6735
5.2,g1='12.5mm' lw='5.25mm' slot_length='18mm',-14.4537
5.3,g1='12.5mm' lw='5.25mm' slot_length='18mm',-14.2256
5.4,g1='12.5mm' lw='5.25mm' slot_length='18mm',-13.9913
5.5,g1='12.5mm' lw='5.25mm' slot_length='18mm',-13.752
5.6,g1='12.5mm' lw='5.25mm' slot_length='18mm',-13.5083
5.7,g1='12.5mm' lw='5.25mm' slot_length='18mm',-13.2602
5.8,g1='12.5mm' lw='5.25mm' slot_length='18mm',-13.0073
5.9,g1='12.5mm' lw='5.25mm' slot_length='18mm',-12.7488
6,g1='12.5mm' lw='5.25mm' slot_length='18mm',-12.4834
6.1,g1='12.5mm' lw='5.25mm' slot_length='18mm',-12.2092
6.2,g1='12.5mm' lw='5.25mm' slot_length='18mm',-11.9231
6.3,g1='12.5mm' lw='5.25mm' slot_length='18mm',-11.6196
6.4,g1='12.5mm' lw='5.25mm' slot_length='18mm',-11.2887
6.5,g1='12.5mm' lw='5.25mm' slot_length='18mm',-10.9092
6.6,g1='12.5mm' lw='5.25mm' slot_length='18mm',-10.4358
6.7,g1='12.5mm' lw='5.25mm' slot_length='18mm',-9.80894
6.8,g1='12.5mm' lw='5.25mm' slot_length='18mm',-9.32885
6.9,g1='12.5mm' lw='5.25mm' slot_length='18mm',-9.50025
7,g1='12.5mm' lw='5.25mm' slot_length='18mm',-9.54527
7.1,g1='12.5mm' lw='5.25mm' slot_length='18mm',-9.36093
7.2,g1='12.5mm' lw='5.25mm' slot_length='18mm',-9.08228
7.3,g1='12.5mm' lw='5.25mm' slot_length='18mm',-8.76387
7.4,g1='12.5mm' lw='5.25mm' slot_length='18mm',-8.42532
7.5,g1='12.5mm' lw='5.25mm' slot_length='18mm',-8.07525
7.6,g1='12.5mm' lw='5.25mm' slot_length='18mm',-7.71887
7.7,g1='12.5mm' lw='5.25mm' slot_length='18mm',-7.36077
7.8,g1='12.5mm' lw='5.25mm' slot_length='18mm',-7.00596
7.9,g1='12.5mm' lw='5.25mm' slot_length='18mm',-6.66046
8,g1='12.5mm' lw='5.25mm' slot_length='18mm',-6.3315
8.1,g1='12.5mm' lw='5.25mm' slot_length='18mm',-6.02738
8.2,g1='12.5mm' lw='5.25mm' slot_length='18mm',-5.75707
8.3,g1='12.5mm' lw='5.25mm' slot_length='18mm',-5.52925
8.4,g1='12.5mm' lw='5.25mm' slot_length='18mm',-5.35103
8.5,g1='12.5mm' lw='5.25mm' slot_length='18mm',-5.22652
8.6,g1='12.5mm' lw='5.25mm' slot_length='18mm',-5.15573
8.7,g1='12.5mm' lw='5.25mm' slot_length='18mm',-5.13437
8.8,g1='12.5mm' lw='5.25mm' slot_length='18mm',-5.15478
8.9,g1='12.5mm' lw='5.25mm' slot_length='18mm',-5.20807
9,g1='12.5mm' lw='5.25mm' slot_length='18mm',-5.28676
9.1,g1='12.5mm' lw='5.25mm' slot_length='18mm',-5.38722
9.2,g1='12.5mm' lw='5.25mm' slot_length='18mm',-5.5111
9.3,g1='12.5mm' lw='5.25mm' slot_length='18mm',-5.66539
9.4,g1='12.5mm' lw='5.25mm' slot_length='18mm',-5.86076
9.5,g1='12.5mm' lw='5.25mm' slot_length='18mm',-6.10877
9.6,g1='12.5mm' lw='5.25mm' slot_length='18mm',-6.41854
9.7,g1='12.5mm' lw='5.25mm' slot_length='18mm',-6.79382
9.8,g1='12.5mm' lw='5.25mm' slot_length='18mm',-7.23154
9.9,g1='12.5mm' lw='5.25mm' slot_length='18mm',-7.72191
10,g1='12.5mm' lw='5.25mm' slot_length='18mm',-8.24996
10.1,g1='12.5mm' lw='5.25mm' slot_length='18mm',-8.79762
10.2,g1='12.5mm' lw='5.25mm' slot_length='18mm',-9.34565
10.3,g1='12.5mm' lw='5.25mm' slot_length='18mm',-9.87508
10.4,g1='12.5mm' lw='5.25mm' slot_length='18mm',-10.3681
10.5,g1='12.5mm' lw='5.25mm' slot_length='18mm',-10.8086
10.6,g1='12.5mm' lw='5.25mm' slot_length='18mm',-11.1827
10.7,g1='12.5mm' lw='5.25mm' slot_length='18mm',-11.4793
10.8,g1='12.5mm' lw='5.25mm' slot_length='18mm',-11.6904
10.9,g1='12.5mm' lw='5.25mm' slot_length='18mm',-11.8118
11,g1='12.5mm' lw='5.25mm' slot_length='18mm',-11.8432
11.1,g1='12.5mm' lw='5.25mm' slot_length='18mm',-11.7882
11.2,g1='12.5mm' lw='5.25mm' slot_length='18mm',-11.6537
11.3,g1='12.5mm' lw='5.25mm' slot_length='18mm',-11.4495
11.4,g1='12.5mm' lw='5.25mm' slot_length='18mm',-11.1879
11.5,g1='12.5mm' lw='5.25mm' slot_length='18mm',-10.8828
11.6,g1='12.5mm' lw='5.25mm' slot_length='18mm',-10.5499
11.7,g1='12.5mm' lw='5.25mm' slot_length='18mm',-10.2069
11.8,g1='12.5mm' lw='5.25mm' slot_length='18mm',-9.87314
11.9,g1='12.5mm' lw='5.25mm' slot_length='18mm',-9.57024
12,g1='12.5mm' lw='5.25mm' slot_length='18mm',-9.32118
12.1,g1='12.5mm' lw='5.25mm' slot_length='18mm',-9.14909
12.2,g1='12.5mm' lw='5.25mm' slot_length='18mm',-9.07488
12.3,g1='12.5mm' lw='5.25mm' slot_length='18mm',-9.11425
12.4,g1='12.5mm' lw='5.25mm' slot_length='18mm',-9.27498
12.5,g1='12.5mm' lw='5.25mm' slot_length='18mm',-9.55564
12.6,g1='12.5mm' lw='5.25mm' slot_length='18mm',-9.94628
12.7,g1='12.5mm' lw='5.25mm' slot_length='18mm',-10.4307
12.8,g1='12.5mm' lw='5.25mm' slot_length='18mm',-10.9895
12.9,g1='12.5mm' lw='5.25mm' slot_length='18mm',-11.6022
13,g1='12.5mm' lw='5.25mm' slot_length='18mm',-12.2487
13.1,g1='12.5mm' lw='5.25mm' slot_length='18mm',-12.9092
13.2,g1='12.5mm' lw='5.25mm' slot_length='18mm',-13.5638
13.3,g1='12.5mm' lw='5.25mm' slot_length='18mm',-14.191
13.4,g1='12.5mm' lw='5.25mm' slot_length='18mm',-14.7669
13.5,g1='12.5mm' lw='5.25mm' slot_length='18mm',-15.265
13.6,g1='12.5mm' lw='5.25mm' slot_length='18mm',-15.6576
13.7,g1='12.5mm' lw='5.25mm' slot_length='18mm',-15.9191
13.8,g1='12.5mm' lw='5.25mm' slot_length='18mm',-16.0308
13.9,g1='12.5mm' lw='5.25mm' slot_length='18mm',-15.9858
14,g1='12.5mm' lw='5.25mm' slot_length='18mm',-15.7911
14.1,g1='12.5mm' lw='5.25mm' slot_length='18mm',-15.4657
14.2,g1='12.5mm' lw='5.25mm' slot_length='18mm',-15.0358
14.3,g1='12.5mm' lw='5.25mm' slot_length='18mm',-14.5301
14.4,g1='12.5mm' lw='5.25mm' slot_length='18mm',-13.9752
14.5,g1='12.5mm' lw='5.25mm' slot_length='18mm',-13.3938
14.6,g1='12.5mm' lw='5.25mm' slot_length='18mm',-12.8042
14.7,g1='12.5mm' lw='5.25mm' slot_length='18mm',-12.2207
14.8,g1='12.5mm' lw='5.25mm' slot_length='18mm',-11.6543
14.9,g1='12.5mm' lw='5.25mm' slot_length='18mm',-11.1132
15,g1='12.5mm' lw='5.25mm' slot_length='18mm',-10.6035
1,g1='16.5mm' lw='5.25mm' slot_length='18mm',-10.2801
1.1,g1='16.5mm' lw='5.25mm' slot_length='18mm',-9.9581
1.2,g1='16.5mm' lw='5.25mm' slot_length='18mm',-9.54293
1.3,g1='16.5mm' lw='5.25mm' slot_length='18mm',-8.9919
1.4,g1='16.5mm' lw='5.25mm' slot_length='18mm',-8.22877
1.5,g1='16.5mm' lw='5.25mm' slot_length='18mm',-7.10175
1.6,g1='16.5mm' lw='5.25mm' slot_length='18mm',-5.25314
1.7,g1='16.5mm' lw='5.25mm' slot_length='18mm',-1.5407
1.8,g1='16.5mm' lw='5.25mm' slot_length='18mm',10.0138
1.9,g1='16.5mm' lw='5.25mm' slot_length='18mm',-5.99567
2,g1='16.5mm' lw='5.25mm' slot_length='18mm',-17.5686
2.1,g1='16.5mm' lw='5.25mm' slot_length='18mm',-30.1975
2.2,g1='16.5mm' lw='5.25mm' slot_length='18mm',-24.4316
2.3,g1='16.5mm' lw='5.25mm' slot_length='18mm',-20.6138
2.4,g1='16.5mm' lw='5.25mm' slot_length='18mm',-18.669
2.5,g1='16.5mm' lw='5.25mm' slot_length='18mm',-17.4707
2.6,g1='16.5mm' lw='5.25mm' slot_length='18mm',-16.6462
2.7,g1='16.5mm' lw='5.25mm' slot_length='18mm',-16.0371
2.8,g1='16.5mm' lw='5.25mm' slot_length='18mm',-15.5647
2.9,g1='16.5mm' lw='5.25mm' slot_length='18mm',-15.1859
3,g1='16.5mm' lw='5.25mm' slot_length='18mm',-14.8752
3.1,g1='16.5mm' lw='5.25mm' slot_length='18mm',-14.6171
3.2,g1='16.5mm' lw='5.25mm' slot_length='18mm',-14.4011
3.3,g1='16.5mm' lw='5.25mm' slot_length='18mm',-14.2194
3.4,g1='16.5mm' lw='5.25mm' slot_length='18mm',-14.0651
3.5,g1='16.5mm' lw='5.25mm' slot_length='18mm',-13.9311
3.6,g1='16.5mm' lw='5.25mm' slot_length='18mm',-13.8098
3.7,g1='16.5mm' lw='5.25mm' slot_length='18mm',-13.694
3.8,g1='16.5mm' lw='5.25mm' slot_length='18mm',-13.5773
3.9,g1='16.5mm' lw='5.25mm' slot_length='18mm',-13.4553
4,g1='16.5mm' lw='5.25mm' slot_length='18mm',-13.3253
4.1,g1='16.5mm' lw='5.25mm' slot_length='18mm',-13.1863
4.2,g1='16.5mm' lw='5.25mm' slot_length='18mm',-13.0385
4.3,g1='16.5mm' lw='5.25mm' slot_length='18mm',-12.8824
4.4,g1='16.5mm' lw='5.25mm' slot_length='18mm',-12.7187
4.5,g1='16.5mm' lw='5.25mm' slot_length='18mm',-12.5482
4.6,g1='16.5mm' lw='5.25mm' slot_length='18mm',-12.3711
4.7,g1='16.5mm' lw='5.25mm' slot_length='18mm',-12.1878
4.8,g1='16.5mm' lw='5.25mm' slot_length='18mm',-11.9981
4.9,g1='16.5mm' lw='5.25mm' slot_length='18mm',-11.8019
5,g1='16.5mm' lw='5.25mm' slot_length='18mm',-11.5988
5.1,g1='16.5mm' lw='5.25mm' slot_length='18mm',-11.3882
5.2,g1='16.5mm' lw='5.25mm' slot_length='18mm',-11.1695
5.3,g1='16.5mm' lw='5.25mm' slot_length='18mm',-10.942
5.4,g1='16.5mm' lw='5.25mm' slot_length='18mm',-10.7045
5.5,g1='16.5mm' lw='5.25mm' slot_length='18mm',-10.4562
5.6,g1='16.5mm' lw='5.25mm' slot_length='18mm',-10.1958
5.7,g1='16.5mm' lw='5.25mm' slot_length='18mm',-9.92185
5.8,g1='16.5mm' lw='5.25mm' slot_length='18mm',-9.63273
5.9,g1='16.5mm' lw='5.25mm' slot_length='18mm',-9.32658
6,g1='16.5mm' lw='5.25mm' slot_length='18mm',-9.0012
6.1,g1='16.5mm' lw='5.25mm' slot_length='18mm',-8.65401
6.2,g1='16.5mm' lw='5.25mm' slot_length='18mm',-8.28196
6.3,g1='16.5mm' lw='5.25mm' slot_length='18mm',-7.8814
6.4,g1='16.5mm' lw='5.25mm' slot_length='18mm',-7.44792
6.5,g1='16.5mm' lw='5.25mm' slot_length='18mm',-6.97612
6.6,g1='16.5mm' lw='5.25mm' slot_length='18mm',-6.45937
6.7,g1='16.5mm' lw='5.25mm' slot_length='18mm',-5.88936
6.8,g1='16.5mm' lw='5.25mm' slot_length='18mm',-5.25562
6.9,g1='16.5mm' lw='5.25mm' slot_length='18mm',-4.54459
7,g1='16.5mm' lw='5.25mm' slot_length='18mm',-3.73831
7.1,g1='16.5mm' lw='5.25mm' slot_length='18mm',-2.81133
7.2,g1='16.5mm' lw='5.25mm' slot_length='18mm',-1.72254
7.3,g1='16.5mm' lw='5.25mm' slot_length='18mm',-0.389632
7.4,g1='16.5mm' lw='5.25mm' slot_length='18mm',1.38059
7.5,g1='16.5mm' lw='5.25mm' slot_length='18mm',4
7.6,g1='16.5mm' lw='5.25mm' slot_length='18mm',8.02952
7.7,g1='16.5mm' lw='5.25mm' slot_length='18mm',11.6531
7.8,g1='16.5mm' lw='5.25mm' slot_length='18mm',7.69978
7.9,g1='16.5mm' lw='5.25mm' slot_length='18mm',2.9358
8,g1='16.5mm' lw='5.25mm' slot_length='18mm',-0.675271
8.1,g1='16.5mm' lw='5.25mm' slot_length='18mm',-3.59254
8.2,g1='16.5mm' lw='5.25mm' slot_length='18mm',-6.11481
8.3,g1='16.5mm' lw='5.25mm' slot_length='18mm',-8.40943
8.4,g1='16.5mm' lw='5.25mm' slot_length='18mm',-10.5784
8.5,g1='16.5mm' lw='5.25mm' slot_length='18mm',-12.686
8.6,g1='16.5mm' lw='5.25mm' slot_length='18mm',-14.763
8.7,g1='16.5mm' lw='5.25mm' slot_length='18mm',-16.787
8.8,g1='16.5mm' lw='5.25mm' slot_length='18mm',-18.6308
8.9,g1='16.5mm' lw='5.25mm' slot_length='18mm',-20.0046
9,g1='16.5mm' lw='5.25mm' slot_length='18mm',-20.5537
9.1,g1='16.5mm' lw='5.25mm' slot_length='18mm',-20.2111
9.2,g1='16.5mm' lw='5.25mm' slot_length='18mm',-19.2939
9.3,g1='16.5mm' lw='5.25mm' slot_length='18mm',-18.1604
9.4,g1='16.5mm' lw='5.25mm' slot_length='18mm',-17.0118
9.5,g1='16.5mm' lw='5.25mm' slot_length='18mm',-15.9259
9.6,g1='16.5mm' lw='5.25mm' slot_length='18mm',-14.9217
9.7,g1='16.5mm' lw='5.25mm' slot_length='18mm',-13.9958
9.8,g1='16.5mm' lw='5.25mm' slot_length='18mm',-13.1377
9.9,g1='16.5mm' lw='5.25mm' slot_length='18mm',-12.3368
10,g1='16.5mm' lw='5.25mm' slot_length='18mm',-11.5856
10.1,g1='16.5mm' lw='5.25mm' slot_length='18mm',-10.8815
10.2,g1='16.5mm' lw='5.25mm' slot_length='18mm',-10.2292
10.3,g1='16.5mm' lw='5.25mm' slot_length='18mm',-9.6431
10.4,g1='16.5mm' lw='5.25mm' slot_length='18mm',-9.14883
10.5,g1='16.5mm' lw='5.25mm' slot_length='18mm',-8.78406
10.6,g1='16.5mm' lw='5.25mm' slot_length='18mm',-8.59478
10.7,g1='16.5mm' lw='5.25mm' slot_length='18mm',-8.62588
10.8,g1='16.5mm' lw='5.25mm' slot_length='18mm',-8.90728
10.9,g1='16.5mm' lw='5.25mm' slot_length='18mm',-9.44283
11,g1='16.5mm' lw='5.25mm' slot_length='18mm',-10.2097
11.1,g1='16.5mm' lw='5.25mm' slot_length='18mm',-11.1685
11.2,g1='16.5mm' lw='5.25mm' slot_length='18mm',-12.2764
11.3,g1='16.5mm' lw='5.25mm' slot_length='18mm',-13.4954
11.4,g1='16.5mm' lw='5.25mm' slot_length='18mm',-14.7928
11.5,g1='16.5mm' lw='5.25mm' slot_length='18mm',-16.135
11.6,g1='16.5mm' lw='5.25mm' slot_length='18mm',-17.4752
11.7,g1='16.5mm' lw='5.25mm' slot_length='18mm',-18.7335
11.8,g1='16.5mm' lw='5.25mm' slot_length='18mm',-19.7803
11.9,g1='16.5mm' lw='5.25mm' slot_length='18mm',-20.4473
12,g1='16.5mm' lw='5.25mm' slot_length='18mm',-20.6037
12.1,g1='16.5mm' lw='5.25mm' slot_length='18mm',-20.253
12.2,g1='16.5mm' lw='5.25mm' slot_length='18mm',-19.529
12.3,g1='16.5mm' lw='5.25mm' slot_length='18mm',-18.5968
12.4,g1='16.5mm' lw='5.25mm' slot_length='18mm',-17.5785
12.5,g1='16.5mm' lw='5.25mm' slot_length='18mm',-16.543
12.6,g1='16.5mm' lw='5.25mm' slot_length='18mm',-15.522
12.7,g1='16.5mm' lw='5.25mm' slot_length='18mm',-14.5263
12.8,g1='16.5mm' lw='5.25mm' slot_length='18mm',-13.5564
12.9,g1='16.5mm' lw='5.25mm' slot_length='18mm',-12.6082
13,g1='16.5mm' lw='5.25mm' slot_length='18mm',-11.6751
13.1,g1='16.5mm' lw='5.25mm' slot_length='18mm',-10.7501
13.2,g1='16.5mm' lw='5.25mm' slot_length='18mm',-9.82575
13.3,g1='16.5mm' lw='5.25mm' slot_length='18mm',-8.89494
13.4,g1='16.5mm' lw='5.25mm' slot_length='18mm',-7.95063
13.5,g1='16.5mm' lw='5.25mm' slot_length='18mm',-6.98631
13.6,g1='16.5mm' lw='5.25mm' slot_length='18mm',-5.99628
13.7,g1='16.5mm' lw='5.25mm' slot_length='18mm',-4.97649
13.8,g1='16.5mm' lw='5.25mm' slot_length='18mm',-3.92606
13.9,g1='16.5mm' lw='5.25mm' slot_length='18mm',-2.85018
14,g1='16.5mm' lw='5.25mm' slot_length='18mm',-1.76515
14.1,g1='16.5mm' lw='5.25mm' slot_length='18mm',-0.706328
14.2,g1='16.5mm' lw='5.25mm' slot_length='18mm',0.262258
14.3,g1='16.5mm' lw='5.25mm' slot_length='18mm',1.04367
14.4,g1='16.5mm' lw='5.25mm' slot_length='18mm',1.52537
14.5,g1='16.5mm' lw='5.25mm' slot_length='18mm',1.62819
14.6,g1='16.5mm' lw='5.25mm' slot_length='18mm',1.35665
14.7,g1='16.5mm' lw='5.25mm' slot_length='18mm',0.796297
14.8,g1='16.5mm' lw='5.25mm' slot_length='18mm',0.0612896
14.9,g1='16.5mm' lw='5.25mm' slot_length='18mm',-0.752392
15,g1='16.5mm' lw='5.25mm' slot_length='18mm',-1.58178
1,g1='8.5mm' lw='5.25mm' slot_length='19mm',-11.8316
1.1,g1='8.5mm' lw='5.25mm' slot_length='19mm',-11.7407
1.2,g1='8.5mm' lw='5.25mm' slot_length='19mm',-11.6371
1.3,g1='8.5mm' lw='5.25mm' slot_length='19mm',-11.5189
1.4,g1='8.5mm' lw='5.25mm' slot_length='19mm',-11.3842
1.5,g1='8.5mm' lw='5.25mm' slot_length='19mm',-11.2301
1.6,g1='8.5mm' lw='5.25mm' slot_length='19mm',-11.0532
1.7,g1='8.5mm' lw='5.25mm' slot_length='19mm',-10.8488
1.8,g1='8.5mm' lw='5.25mm' slot_length='19mm',-10.6105
1.9,g1='8.5mm' lw='5.25mm' slot_length='19mm',-10.3301
2,g1='8.5mm' lw='5.25mm' slot_length='19mm',-9.99651
2.1,g1='8.5mm' lw='5.25mm' slot_length='19mm',-9.59614
2.2,g1='8.5mm' lw='5.25mm' slot_length='19mm',-9.11505
2.3,g1='8.5mm' lw='5.25mm' slot_length='19mm',-8.55095
2.4,g1='8.5mm' lw='5.25mm' slot_length='19mm',-7.95505
2.5,g1='8.5mm' lw='5.25mm' slot_length='19mm',-7.53937
2.6,g1='8.5mm' lw='5.25mm' slot_length='19mm',-7.75338
2.7,g1='8.5mm' lw='5.25mm' slot_length='19mm',-8.81884
2.8,g1='8.5mm' lw='5.25mm' slot_length='19mm',-10.1485
2.9,g1='8.5mm' lw='5.25mm' slot_length='19mm',-11.0824
3,g1='8.5mm' lw='5.25mm' slot_length='19mm',-11.505
3.1,g1='8.5mm' lw='5.25mm' slot_length='19mm',-11.5771
3.2,g1='8.5mm' lw='5.25mm' slot_length='19mm',-11.4567
3.3,g1='8.5mm' lw='5.25mm' slot_length='19mm',-11.2372
3.4,g1='8.5mm' lw='5.25mm' slot_length='19mm',-10.9662
3.5,g1='8.5mm' lw='5.25mm' slot_length='19mm',-10.6666
3.6,g1='8.5mm' lw='5.25mm' slot_length='19mm',-10.3497
3.7,g1='8.5mm' lw='5.25mm' slot_length='19mm',-10.0216
3.8,g1='8.5mm' lw='5.25mm' slot_length='19mm',-9.68626
3.9,g1='8.5mm' lw='5.25mm' slot_length='19mm',-9.34807
4,g1='8.5mm' lw='5.25mm' slot_length='19mm',-9.01273
4.1,g1='8.5mm' lw='5.25mm' slot_length='19mm',-8.68861
4.2,g1='8.5mm' lw='5.25mm' slot_length='19mm',-8.38795
4.3,g1='8.5mm' lw='5.25mm' slot_length='19mm',-8.1277
4.4,g1='8.5mm' lw='5.25mm' slot_length='19mm',-7.92987
4.5,g1='8.5mm' lw='5.25mm' slot_length='19mm',-7.82031
4.6,g1='8.5mm' lw='5.25mm' slot_length='19mm',-7.82532
4.7,g1='8.5mm' lw='5.25mm' slot_length='19mm',-7.9658
4.8,g1='8.5mm' lw='5.25mm' slot_length='19mm',-8.25052
4.9,g1='8.5mm' lw='5.25mm' slot_length='19mm',-8.67164
5,g1='8.5mm' lw='5.25mm' slot_length='19mm',-9.20472
5.1,g1='8.5mm' lw='5.25mm' slot_length='19mm',-9.81339
5.2,g1='8.5mm' lw='5.25mm' slot_length='19mm',-10.4559
5.3,g1='8.5mm' lw='5.25mm' slot_length='19mm',-11.0909
5.4,g1='8.5mm' lw='5.25mm' slot_length='19mm',-11.6815
5.5,g1='8.5mm' lw='5.25mm' slot_length='19mm',-12.1972
5.6,g1='8.5mm' lw='5.25mm' slot_length='19mm',-12.6153
5.7,g1='8.5mm' lw='5.25mm' slot_length='19mm',-12.9203
5.8,g1='8.5mm' lw='5.25mm' slot_length='19mm',-13.1029
5.9,g1='8.5mm' lw='5.25mm' slot_length='19mm',-13.1555
6,g1='8.5mm' lw='5.25mm' slot_length='19mm',-13.0639
6.1,g1='8.5mm' lw='5.25mm' slot_length='19mm',-12.7881
6.2,g1='8.5mm' lw='5.25mm' slot_length='19mm',-12.2164
6.3,g1='8.5mm' lw='5.25mm' slot_length='19mm',-11.0535
6.4,g1='8.5mm' lw='5.25mm' slot_length='19mm',-8.75631
6.5,g1='8.5mm' lw='5.25mm' slot_length='19mm',-6.70581
6.6,g1='8.5mm' lw='5.25mm' slot_length='19mm',-8.47
6.7,g1='8.5mm' lw='5.25mm' slot_length='19mm',-10.2352
6.8,g1='8.5mm' lw='5.25mm' slot_length='19mm',-11.1528
6.9,g1='8.5mm' lw='5.25mm' slot_length='19mm',-11.6709
7,g1='8.5mm' lw='5.25mm' slot_length='19mm',-12.039
7.1,g1='8.5mm' lw='5.25mm' slot_length='19mm',-12.3699
7.2,g1='8.5mm' lw='5.25mm' slot_length='19mm',-12.7162
7.3,g1='8.5mm' lw='5.25mm' slot_length='19mm',-13.1025
7.4,g1='8.5mm' lw='5.25mm' slot_length='19mm',-13.5382
7.5,g1='8.5mm' lw='5.25mm' slot_length='19mm',-14.0241
7.6,g1='8.5mm' lw='5.25mm' slot_length='19mm',-14.5556
7.7,g1='8.5mm' lw='5.25mm' slot_length='19mm',-15.1246
7.8,g1='8.5mm' lw='5.25mm' slot_length='19mm',-15.721
7.9,g1='8.5mm' lw='5.25mm' slot_length='19mm',-16.3329
8,g1='8.5mm' lw='5.25mm' slot_length='19mm',-16.9468
8.1,g1='8.5mm' lw='5.25mm' slot_length='19mm',-17.5477
8.2,g1='8.5mm' lw='5.25mm' slot_length='19mm',-18.119
8.3,g1='8.5mm' lw='5.25mm' slot_length='19mm',-18.6426
8.4,g1='8.5mm' lw='5.25mm' slot_length='19mm',-19.0996
8.5,g1='8.5mm' lw='5.25mm' slot_length='19mm',-19.4726
8.6,g1='8.5mm' lw='5.25mm' slot_length='19mm',-19.7473
8.7,g1='8.5mm' lw='5.25mm' slot_length='19mm',-19.9151
8.8,g1='8.5mm' lw='5.25mm' slot_length='19mm',-19.9751
8.9,g1='8.5mm' lw='5.25mm' slot_length='19mm',-19.934
9,g1='8.5mm' lw='5.25mm' slot_length='19mm',-19.8046
9.1,g1='8.5mm' lw='5.25mm' slot_length='19mm',-19.6037
9.2,g1='8.5mm' lw='5.25mm' slot_length='19mm',-19.3491
9.3,g1='8.5mm' lw='5.25mm' slot_length='19mm',-19.0577
9.4,g1='8.5mm' lw='5.25mm' slot_length='19mm',-18.744
9.5,g1='8.5mm' lw='5.25mm' slot_length='19mm',-18.42
9.6,g1='8.5mm' lw='5.25mm' slot_length='19mm',-18.0946
9.7,g1='8.5mm' lw='5.25mm' slot_length='19mm',-17.7746
9.8,g1='8.5mm' lw='5.25mm' slot_length='19mm',-17.4646
9.9,g1='8.5mm' lw='5.25mm' slot_length='19mm',-17.1673
10,g1='8.5mm' lw='5.25mm' slot_length='19mm',-16.8843
10.1,g1='8.5mm' lw='5.25mm' slot_length='19mm',-16.6159
10.2,g1='8.5mm' lw='5.25mm' slot_length='19mm',-16.3616
10.3,g1='8.5mm' lw='5.25mm' slot_length='19mm',-16.1201
10.4,g1='8.5mm' lw='5.25mm' slot_length='19mm',-15.8896
10.5,g1='8.5mm' lw='5.25mm' slot_length='19mm',-15.6679
10.6,g1='8.5mm' lw='5.25mm' slot_length='19mm',-15.4524
10.7,g1='8.5mm' lw='5.25mm' slot_length='19mm',-15.2404
10.8,g1='8.5mm' lw='5.25mm' slot_length='19mm',-15.029
10.9,g1='8.5mm' lw='5.25mm' slot_length='19mm',-14.8155
11,g1='8.5mm' lw='5.25mm' slot_length='19mm',-14.5971
11.1,g1='8.5mm' lw='5.25mm' slot_length='19mm',-14.3715
11.2,g1='8.5mm' lw='5.25mm' slot_length='19mm',-14.1363
11.3,g1='8.5mm' lw='5.25mm' slot_length='19mm',-13.8896
11.4,g1='8.5mm' lw='5.25mm' slot_length='19mm',-13.6298
11.5,g1='8.5mm' lw='5.25mm' slot_length='19mm',-13.3559
11.6,g1='8.5mm' lw='5.25mm' slot_length='19mm',-13.0669
11.7,g1='8.5mm' lw='5.25mm' slot_length='19mm',-12.7624
11.8,g1='8.5mm' lw='5.25mm' slot_length='19mm',-12.4423
11.9,g1='8.5mm' lw='5.25mm' slot_length='19mm',-12.1068
12,g1='8.5mm' lw='5.25mm' slot_length='19mm',-11.7563
12.1,g1='8.5mm' lw='5.25mm' slot_length='19mm',-11.3914
12.2,g1='8.5mm' lw='5.25mm' slot_length='19mm',-11.013
12.3,g1='8.5mm' lw='5.25mm' slot_length='19mm',-10.6218
12.4,g1='8.5mm' lw='5.25mm' slot_length='19mm',-10.2189
12.5,g1='8.5mm' lw='5.25mm' slot_length='19mm',-9.80499
12.6,g1='8.5mm' lw='5.25mm' slot_length='19mm',-9.38113
12.7,g1='8.5mm' lw='5.25mm' slot_length='19mm',-8.94814
12.8,g1='8.5mm' lw='5.25mm' slot_length='19mm',-8.50681
12.9,g1='8.5mm' lw='5.25mm' slot_length='19mm',-8.05785
13,g1='8.5mm' lw='5.25mm' slot_length='19mm',-7.60193
13.1,g1='8.5mm' lw='5.25mm' slot_length='19mm',-7.13962
13.2,g1='8.5mm' lw='5.25mm' slot_length='19mm',-6.67145
13.3,g1='8.5mm' lw='5.25mm' slot_length='19mm',-6.19793
13.4,g1='8.5mm' lw='5.25mm' slot_length='19mm',-5.71954
13.5,g1='8.5mm' lw='5.25mm' slot_length='19mm',-5.23679
13.6,g1='8.5mm' lw='5.25mm' slot_length='19mm',-4.75027
13.7,g1='8.5mm' lw='5.25mm' slot_length='19mm',-4.26071
13.8,g1='8.5mm' lw='5.25mm' slot_length='19mm',-3.76902
13.9,g1='8.5mm' lw='5.25mm' slot_length='19mm',-3.27643
14,g1='8.5mm' lw='5.25mm' slot_length='19mm',-2.78456
14.1,g1='8.5mm' lw='5.25mm' slot_length='19mm',-2.29557
14.2,g1='8.5mm' lw='5.25mm' slot_length='19mm',-1.8123
14.3,g1='8.5mm' lw='5.25mm' slot_length='19mm',-1.33846
14.4,g1='8.5mm' lw='5.25mm' slot_length='19mm',-0.878722
14.5,g1='8.5mm' lw='5.25mm' slot_length='19mm',-0.438931
14.6,g1='8.5mm' lw='5.25mm' slot_length='19mm',-0.026095
14.7,g1='8.5mm' lw='5.25mm' slot_length='19mm',0.351672
14.8,g1='8.5mm' lw='5.25mm' slot_length='19mm',0.685438
14.9,g1='8.5mm' lw='5.25mm' slot_length='19mm',0.965991
15,g1='8.5mm' lw='5.25mm' slot_length='19mm',1.18463
1,g1='12.5mm' lw='5.25mm' slot_length='19mm',-10.9324
1.1,g1='12.5mm' lw='5.25mm' slot_length='19mm',-10.783
1.2,g1='12.5mm' lw='5.25mm' slot_length='19mm',-10.6073
1.3,g1='12.5mm' lw='5.25mm' slot_length='19mm',-10.4001
1.4,g1='12.5mm' lw='5.25mm' slot_length='19mm',-10.1541
1.5,g1='12.5mm' lw='5.25mm' slot_length='19mm',-9.85909
1.6,g1='12.5mm' lw='5.25mm' slot_length='19mm',-9.50046
1.7,g1='12.5mm' lw='5.25mm' slot_length='19mm',-9.05639
1.8,g1='12.5mm' lw='5.25mm' slot_length='19mm',-8.49311
1.9,g1='12.5mm' lw='5.25mm' slot_length='19mm',-7.7557
2,g1='12.5mm' lw='5.25mm' slot_length='19mm',-6.74991
2.1,g1='12.5mm' lw='5.25mm' slot_length='19mm',-5.30699
2.2,g1='12.5mm' lw='5.25mm' slot_length='19mm',-3.15394
2.3,g1='12.5mm' lw='5.25mm' slot_length='19mm',-0.585017
2.4,g1='12.5mm' lw='5.25mm' slot_length='19mm',-2.71227
2.5,g1='12.5mm' lw='5.25mm' slot_length='19mm',-8.93577
2.6,g1='12.5mm' lw='5.25mm' slot_length='19mm',-14.05
2.7,g1='12.5mm' lw='5.25mm' slot_length='19mm',-16.8431
2.8,g1='12.5mm' lw='5.25mm' slot_length='19mm',-17.3623
2.9,g1='12.5mm' lw='5.25mm' slot_length='19mm',-16.8756
3,g1='12.5mm' lw='5.25mm' slot_length='19mm',-16.2063
3.1,g1='12.5mm' lw='5.25mm' slot_length='19mm',-15.5979
3.2,g1='12.5mm' lw='5.25mm' slot_length='19mm',-15.0964
3.3,g1='12.5mm' lw='5.25mm' slot_length='19mm',-14.7026
3.4,g1='12.5mm' lw='5.25mm' slot_length='19mm',-14.4118
3.5,g1='12.5mm' lw='5.25mm' slot_length='19mm',-14.2222
3.6,g1='12.5mm' lw='5.25mm' slot_length='19mm',-14.1342
3.7,g1='12.5mm' lw='5.25mm' slot_length='19mm',-14.147
3.8,g1='12.5mm' lw='5.25mm' slot_length='19mm',-14.2538
3.9,g1='12.5mm' lw='5.25mm' slot_length='19mm',-14.4375
4,g1='12.5mm' lw='5.25mm' slot_length='19mm',-14.6701
4.1,g1='12.5mm' lw='5.25mm' slot_length='19mm',-14.9155
4.2,g1='12.5mm' lw='5.25mm' slot_length='19mm',-15.1377
4.3,g1='12.5mm' lw='5.25mm' slot_length='19mm',-15.3077
4.4,g1='12.5mm' lw='5.25mm' slot_length='19mm',-15.4089
4.5,g1='12.5mm' lw='5.25mm' slot_length='19mm',-15.4376
4.6,g1='12.5mm' lw='5.25mm' slot_length='19mm',-15.3995
4.7,g1='12.5mm' lw='5.25mm' slot_length='19mm',-15.3057
4.8,g1='12.5mm' lw='5.25mm' slot_length='19mm',-15.1682
4.9,g1='12.5mm' lw='5.25mm' slot_length='19mm',-14.9983
5,g1='12.5mm' lw='5.25mm' slot_length='19mm',-14.805
5.1,g1='12.5mm' lw='5.25mm' slot_length='19mm',-14.5952
5.2,g1='12.5mm' lw='5.25mm' slot_length='19mm',-14.3737
5.3,g1='12.5mm' lw='5.25mm' slot_length='19mm',-14.1438
5.4,g1='12.5mm' lw='5.25mm' slot_length='19mm',-13.9075
5.5,g1='12.5mm' lw='5.25mm' slot_length='19mm',-13.6659
5.6,g1='12.5mm' lw='5.25mm' slot_length='19mm',-13.4194
5.7,g1='12.5mm' lw='5.25mm' slot_length='19mm',-13.168
5.8,g1='12.5mm' lw='5.25mm' slot_length='19mm',-12.9109
5.9,g1='12.5mm' lw='5.25mm' slot_length='19mm',-12.6469
6,g1='12.5mm' lw='5.25mm' slot_length='19mm',-12.3741
6.1,g1='12.5mm' lw='5.25mm' slot_length='19mm',-12.0893
6.2,g1='12.5mm' lw='5.25mm' slot_length='19mm',-11.7867
6.3,g1='12.5mm' lw='5.25mm' slot_length='19mm',-11.4554
6.4,g1='12.5mm' lw='5.25mm' slot_length='19mm',-11.0726
6.5,g1='12.5mm' lw='5.25mm' slot_length='19mm',-10.5906
6.6,g1='12.5mm' lw='5.25mm' slot_length='19mm',-9.94947
6.7,g1='12.5mm' lw='5.25mm' slot_length='19mm',-9.42191
6.8,g1='12.5mm' lw='5.25mm' slot_length='19mm',-9.53684
6.9,g1='12.5mm' lw='5.25mm' slot_length='19mm',-9.62838
7,g1='12.5mm' lw='5.25mm' slot_length='19mm',-9.49405
7.1,g1='12.5mm' lw='5.25mm' slot_length='19mm',-9.24932
7.2,g1='12.5mm' lw='5.25mm' slot_length='19mm',-8.95444
7.3,g1='12.5mm' lw='5.25mm' slot_length='19mm',-8.63314
7.4,g1='12.5mm' lw='5.25mm' slot_length='19mm',-8.29583
7.5,g1='12.5mm' lw='5.25mm' slot_length='19mm',-7.9483
7.6,g1='12.5mm' lw='5.25mm' slot_length='19mm',-7.59499
7.7,g1='12.5mm' lw='5.25mm' slot_length='19mm',-7.24038
7.8,g1='12.5mm' lw='5.25mm' slot_length='19mm',-6.88978
7.9,g1='12.5mm' lw='5.25mm' slot_length='19mm',-6.54966
8,g1='12.5mm' lw='5.25mm' slot_length='19mm',-6.22783
8.1,g1='12.5mm' lw='5.25mm' slot_length='19mm',-5.93321
8.2,g1='12.5mm' lw='5.25mm' slot_length='19mm',-5.67528
8.3,g1='12.5mm' lw='5.25mm' slot_length='19mm',-5.46298
8.4,g1='12.5mm' lw='5.25mm' slot_length='19mm',-5.30326
8.5,g1='12.5mm' lw='5.25mm' slot_length='19mm',-5.19972
8.6,g1='12.5mm' lw='5.25mm' slot_length='19mm',-5.15159
8.7,g1='12.5mm' lw='5.25mm' slot_length='19mm',-5.15377
8.8,g1='12.5mm' lw='5.25mm' slot_length='19mm',-5.1981
8.9,g1='12.5mm' lw='5.25mm' slot_length='19mm',-5.27543
9,g1='12.5mm' lw='5.25mm' slot_length='19mm',-5.37824
9.1,g1='12.5mm' lw='5.25mm' slot_length='19mm',-5.50272
9.2,g1='12.5mm' lw='5.25mm' slot_length='19mm',-5.65004
9.3,g1='12.5mm' lw='5.25mm' slot_length='19mm',-5.82633
9.4,g1='12.5mm' lw='5.25mm' slot_length='19mm',-6.04122
9.5,g1='12.5mm' lw='5.25mm' slot_length='19mm',-6.30528
9.6,g1='12.5mm' lw='5.25mm' slot_length='19mm',-6.62688
9.7,g1='12.5mm' lw='5.25mm' slot_length='19mm',-7.00947
9.8,g1='12.5mm' lw='5.25mm' slot_length='19mm',-7.44998
9.9,g1='12.5mm' lw='5.25mm' slot_length='19mm',-7.93897
10,g1='12.5mm' lw='5.25mm' slot_length='19mm',-8.46193
10.1,g1='12.5mm' lw='5.25mm' slot_length='19mm',-9.00131
10.2,g1='12.5mm' lw='5.25mm' slot_length='19mm',-9.53839
10.3,g1='12.5mm' lw='5.25mm' slot_length='19mm',-10.0547
10.4,g1='12.5mm' lw='5.25mm' slot_length='19mm',-10.5328
10.5,g1='12.5mm' lw='5.25mm' slot_length='19mm',-10.9571
10.6,g1='12.5mm' lw='5.25mm' slot_length='19mm',-11.3142
10.7,g1='12.5mm' lw='5.25mm' slot_length='19mm',-11.5934
10.8,g1='12.5mm' lw='5.25mm' slot_length='19mm',-11.7873
10.9,g1='12.5mm' lw='5.25mm' slot_length='19mm',-11.8921
11,g1='12.5mm' lw='5.25mm' slot_length='19mm',-11.9081
11.1,g1='12.5mm' lw='5.25mm' slot_length='19mm',-11.839
11.2,g1='12.5mm' lw='5.25mm' slot_length='19mm',-11.6923
11.3,g1='12.5mm' lw='5.25mm' slot_length='19mm',-11.4777
11.4,g1='12.5mm' lw='5.25mm' slot_length='19mm',-11.2075
11.5,g1='12.5mm' lw='5.25mm' slot_length='19mm',-10.8956
11.6,g1='12.5mm' lw='5.25mm' slot_length='19mm',-10.5573
11.7,g1='12.5mm' lw='5.25mm' slot_length='19mm',-10.2101
11.8,g1='12.5mm' lw='5.25mm' slot_length='19mm',-9.8732
11.9,g1='12.5mm' lw='5.25mm' slot_length='19mm',-9.56788
12,g1='12.5mm' lw='5.25mm' slot_length='19mm',-9.31709
12.1,g1='12.5mm' lw='5.25mm' slot_length='19mm',-9.14406
12.2,g1='12.5mm' lw='5.25mm' slot_length='19mm',-9.07001
12.3,g1='12.5mm' lw='5.25mm' slot_length='19mm',-9.1111
12.4,g1='12.5mm' lw='5.25mm' slot_length='19mm',-9.27563
12.5,g1='12.5mm' lw='5.25mm' slot_length='19mm',-9.56265
12.6,g1='12.5mm' lw='5.25mm' slot_length='19mm',-9.96248
12.7,g1='12.5mm' lw='5.25mm' slot_length='19mm',-10.459
12.8,g1='12.5mm' lw='5.25mm' slot_length='19mm',-11.0328
12.9,g1='12.5mm' lw='5.25mm' slot_length='19mm',-11.6629
13,g1='12.5mm' lw='5.25mm' slot_length='19mm',-12.3288
13.1,g1='12.5mm' lw='5.25mm' slot_length='19mm',-13.01
13.2,g1='12.5mm' lw='5.25mm' slot_length='19mm',-13.6852
13.3,g1='12.5mm' lw='5.25mm' slot_length='19mm',-14.331
13.4,g1='12.5mm' lw='5.25mm' slot_length='19mm',-14.9206
13.5,g1='12.5mm' lw='5.25mm' slot_length='19mm',-15.4239
13.6,g1='12.5mm' lw='5.25mm' slot_length='19mm',-15.809
13.7,g1='12.5mm' lw='5.25mm' slot_length='19mm',-16.0473
13.8,g1='12.5mm' lw='5.25mm' slot_length='19mm',-16.1191
13.9,g1='12.5mm' lw='5.25mm' slot_length='19mm',-16.0201
14,g1='12.5mm' lw='5.25mm' slot_length='19mm',-15.7625
14.1,g1='12.5mm' lw='5.25mm' slot_length='19mm',-15.3718
14.2,g1='12.5mm' lw='5.25mm' slot_length='19mm',-14.8805
14.3,g1='12.5mm' lw='5.25mm' slot_length='19mm',-14.3216
14.4,g1='12.5mm' lw='5.25mm' slot_length='19mm',-13.7245
14.5,g1='12.5mm' lw='5.25mm' slot_length='19mm',-13.1135
14.6,g1='12.5mm' lw='5.25mm' slot_length='19mm',-12.5075
14.7,g1='12.5mm' lw='5.25mm' slot_length='19mm',-11.9211
14.8,g1='12.5mm' lw='5.25mm' slot_length='19mm',-11.365
14.9,g1='12.5mm' lw='5.25mm' slot_length='19mm',-10.847
15,g1='12.5mm' lw='5.25mm' slot_length='19mm',-10.372
1,g1='16.5mm' lw='5.25mm' slot_length='19mm',-10.413
1.1,g1='16.5mm' lw='5.25mm' slot_length='19mm',-10.0906
1.2,g1='16.5mm' lw='5.25mm' slot_length='19mm',-9.67503
1.3,g1='16.5mm' lw='5.25mm' slot_length='19mm',-9.12341
1.4,g1='16.5mm' lw='5.25mm' slot_length='19mm',-8.35948
1.5,g1='16.5mm' lw='5.25mm' slot_length='19mm',-7.23122
1.6,g1='16.5mm' lw='5.25mm' slot_length='19mm',-5.38033
1.7,g1='16.5mm' lw='5.25mm' slot_length='19mm',-1.66165
1.8,g1='16.5mm' lw='5.25mm' slot_length='19mm',9.93262
1.9,g1='16.5mm' lw='5.25mm' slot_length='19mm',-6.1388
2,g1='16.5mm' lw='5.25mm' slot_length='19mm',-17.7084
2.1,g1='16.5mm' lw='5.25mm' slot_length='19mm',-30.3699
2.2,g1='16.5mm' lw='5.25mm' slot_length='19mm',-24.5762
2.3,g1='16.5mm' lw='5.25mm' slot_length='19mm',-20.7517
2.4,g1='16.5mm' lw='5.25mm' slot_length='19mm',-18.8047
2.5,g1='16.5mm' lw='5.25mm' slot_length='19mm',-17.6052
2.6,g1='16.5mm' lw='5.25mm' slot_length='19mm',-16.7798
2.7,g1='16.5mm' lw='5.25mm' slot_length='19mm',-16.1699
2.8,g1='16.5mm' lw='5.25mm' slot_length='19mm',-15.6969
2.9,g1='16.5mm' lw='5.25mm' slot_length='19mm',-15.3175
3,g1='16.5mm' lw='5.25mm' slot_length='19mm',-15.0064
3.1,g1='16.5mm' lw='5.25mm' slot_length='19mm',-14.7479
3.2,g1='16.5mm' lw='5.25mm' slot_length='19mm',-14.5317
3.3,g1='16.5mm' lw='5.25mm' slot_length='19mm',-14.3501
3.4,g1='16.5mm' lw='5.25mm' slot_length='19mm',-14.1961
3.5,g1='16.5mm' lw='5.25mm' slot_length='19mm',-14.0625
3.6,g1='16.5mm' lw='5.25mm' slot_length='19mm',-13.9418
3.7,g1='16.5mm' lw='5.25mm' slot_length='19mm',-13.8266
3.8,g1='16.5mm' lw='5.25mm' slot_length='19mm',-13.7106
3.9,g1='16.5mm' lw='5.25mm' slot_length='19mm',-13.5891
4,g1='16.5mm' lw='5.25mm' slot_length='19mm',-13.4595
4.1,g1='16.5mm' lw='5.25mm' slot_length='19mm',-13.3208
4.2,g1='16.5mm' lw='5.25mm' slot_length='19mm',-13.173
4.3,g1='16.5mm' lw='5.25mm' slot_length='19mm',-13.0169
4.4,g1='16.5mm' lw='5.25mm' slot_length='19mm',-12.8532
4.5,g1='16.5mm' lw='5.25mm' slot_length='19mm',-12.6825
4.6,g1='16.5mm' lw='5.25mm' slot_length='19mm',-12.5053
4.7,g1='16.5mm' lw='5.25mm' slot_length='19mm',-12.3217
4.8,g1='16.5mm' lw='5.25mm' slot_length='19mm',-12.1319
4.9,g1='16.5mm' lw='5.25mm' slot_length='19mm',-11.9356
5,g1='16.5mm' lw='5.25mm' slot_length='19mm',-11.7324
5.1,g1='16.5mm' lw='5.25mm' slot_length='19mm',-11.5218
5.2,g1='16.5mm' lw='5.25mm' slot_length='19mm',-11.3032
5.3,g1='16.5mm' lw='5.25mm' slot_length='19mm',-11.0758
5.4,g1='16.5mm' lw='5.25mm' slot_length='19mm',-10.8388
5.5,g1='16.5mm' lw='5.25mm' slot_length='19mm',-10.591
5.6,g1='16.5mm' lw='5.25mm' slot_length='19mm',-10.3314
5.7,g1='16.5mm' lw='5.25mm' slot_length='19mm',-10.0586
5.8,g1='16.5mm' lw='5.25mm' slot_length='19mm',-9.77122
5.9,g1='16.5mm' lw='5.25mm' slot_length='19mm',-9.46744
6,g1='16.5mm' lw='5.25mm' slot_length='19mm',-9.14541
6.1,g1='16.5mm' lw='5.25mm' slot_length='19mm',-8.80303
6.2,g1='16.5mm' lw='5.25mm' slot_length='19mm',-8.43793
6.3,g1='16.5mm' lw='5.25mm' slot_length='19mm',-8.04759
6.4,g1='16.5mm' lw='5.25mm' slot_length='19mm',-7.62928
6.5,g1='16.5mm' lw='5.25mm' slot_length='19mm',-7.17963
6.6,g1='16.5mm' lw='5.25mm' slot_length='19mm',-6.69159
6.7,g1='16.5mm' lw='5.25mm' slot_length='19mm',-6.14005
6.8,g1='16.5mm' lw='5.25mm' slot_length='19mm',-5.45187
6.9,g1='16.5mm' lw='5.25mm' slot_length='19mm',-4.56995
7,g1='16.5mm' lw='5.25mm' slot_length='19mm',-3.57512
7.1,g1='16.5mm' lw='5.25mm' slot_length='19mm',-2.49077
7.2,g1='16.5mm' lw='5.25mm' slot_length='19mm',-1.24139
7.3,g1='16.5mm' lw='5.25mm' slot_length='19mm',0.275033
7.4,g1='16.5mm' lw='5.25mm' slot_length='19mm',2.19388
7.5,g1='16.5mm' lw='5.25mm' slot_length='19mm',4.69728
7.6,g1='16.5mm' lw='5.25mm' slot_length='19mm',7.78187
7.7,g1='16.5mm' lw='5.25mm' slot_length='19mm',9.34275
7.8,g1='16.5mm' lw='5.25mm' slot_length='19mm',6.35743
7.9,g1='16.5mm' lw='5.25mm' slot_length='19mm',2.40462
8,g1='16.5mm' lw='5.25mm' slot_length='19mm',-0.938683
8.1,g1='16.5mm' lw='5.25mm' slot_length='19mm',-3.75792
8.2,g1='16.5mm' lw='5.25mm' slot_length='19mm',-6.23943
8.3,g1='16.5mm' lw='5.25mm' slot_length='19mm',-8.51515
8.4,g1='16.5mm' lw='5.25mm' slot_length='19mm',-10.6741
8.5,g1='16.5mm' lw='5.25mm' slot_length='19mm',-12.7751
8.6,g1='16.5mm' lw='5.25mm' slot_length='19mm',-14.8456
8.7,g1='16.5mm' lw='5.25mm' slot_length='19mm',-16.861
8.8,g1='16.5mm' lw='5.25mm' slot_length='19mm',-18.6917
8.9,g1='16.5mm' lw='5.25mm' slot_length='19mm',-20.0483
9,g1='16.5mm' lw='5.25mm' slot_length='19mm',-20.5822
9.1,g1='16.5mm' lw='5.25mm' slot_length='19mm',-20.2338
9.2,g1='16.5mm' lw='5.25mm' slot_length='19mm',-19.319
9.3,g1='16.5mm' lw='5.25mm' slot_length='19mm',-18.1908
9.4,g1='16.5mm' lw='5.25mm' slot_length='19mm',-17.0474
9.5,g1='16.5mm' lw='5.25mm' slot_length='19mm',-15.9658
9.6,g1='16.5mm' lw='5.25mm' slot_length='19mm',-14.9648
9.7,g1='16.5mm' lw='5.25mm' slot_length='19mm',-14.0412
9.8,g1='16.5mm' lw='5.25mm' slot_length='19mm',-13.1845
9.9,g1='16.5mm' lw='5.25mm' slot_length='19mm',-12.3844
10,g1='16.5mm' lw='5.25mm' slot_length='19mm',-11.6331
10.1,g1='16.5mm' lw='5.25mm' slot_length='19mm',-10.9285
10.2,g1='16.5mm' lw='5.25mm' slot_length='19mm',-10.2759
10.3,g1='16.5mm' lw='5.25mm' slot_length='19mm',-9.69048
10.4,g1='16.5mm' lw='5.25mm' slot_length='19mm',-9.19941
10.5,g1='16.5mm' lw='5.25mm' slot_length='19mm',-8.84224
10.6,g1='16.5mm' lw='5.25mm' slot_length='19mm',-8.66681
10.7,g1='16.5mm' lw='5.25mm' slot_length='19mm',-8.71898
10.8,g1='16.5mm' lw='5.25mm' slot_length='19mm',-9.02794
10.9,g1='16.5mm' lw='5.25mm' slot_length='19mm',-9.59516
11,g1='16.5mm' lw='5.25mm' slot_length='19mm',-10.395
11.1,g1='16.5mm' lw='5.25mm' slot_length='19mm',-11.3859
11.2,g1='16.5mm' lw='5.25mm' slot_length='19mm',-12.5244
11.3,g1='16.5mm' lw='5.25mm' slot_length='19mm',-13.7722
11.4,g1='16.5mm' lw='5.25mm' slot_length='19mm',-15.0969
11.5,g1='16.5mm' lw='5.25mm' slot_length='19mm',-16.4635
11.6,g1='16.5mm' lw='5.25mm' slot_length='19mm',-17.8213
11.7,g1='16.5mm' lw='5.25mm' slot_length='19mm',-19.0823
11.8,g1='16.5mm' lw='5.25mm' slot_length='19mm',-20.1043
11.9,g1='16.5mm' lw='5.25mm' slot_length='19mm',-20.7113
12,g1='16.5mm' lw='5.25mm' slot_length='19mm',-20.7835
12.1,g1='16.5mm' lw='5.25mm' slot_length='19mm',-20.3518
12.2,g1='16.5mm' lw='5.25mm' slot_length='19mm',-19.5701
12.3,g1='16.5mm' lw='5.25mm' slot_length='19mm',-18.6053
12.4,g1='16.5mm' lw='5.25mm' slot_length='19mm',-17.5725
12.5,g1='16.5mm' lw='5.25mm' slot_length='19mm',-16.5333
12.6,g1='16.5mm' lw='5.25mm' slot_length='19mm',-15.5142
12.7,g1='16.5mm' lw='5.25mm' slot_length='19mm',-14.5233
12.8,g1='16.5mm' lw='5.25mm' slot_length='19mm',-13.5594
12.9,g1='16.5mm' lw='5.25mm' slot_length='19mm',-12.6173
13,g1='16.5mm' lw='5.25mm' slot_length='19mm',-11.6902
13.1,g1='16.5mm' lw='5.25mm' slot_length='19mm',-10.7708
13.2,g1='16.5mm' lw='5.25mm' slot_length='19mm',-9.85145
13.3,g1='16.5mm' lw='5.25mm' slot_length='19mm',-8.92484
13.4,g1='16.5mm' lw='5.25mm' slot_length='19mm',-7.98378
13.5,g1='16.5mm' lw='5.25mm' slot_length='19mm',-7.0215
13.6,g1='16.5mm' lw='5.25mm' slot_length='19mm',-6.03192
13.7,g1='16.5mm' lw='5.25mm' slot_length='19mm',-5.01041
13.8,g1='16.5mm' lw='5.25mm' slot_length='19mm',-3.95531
13.9,g1='16.5mm' lw='5.25mm' slot_length='19mm',-2.87076
14,g1='16.5mm' lw='5.25mm' slot_length='19mm',-1.77191
14.1,g1='16.5mm' lw='5.25mm' slot_length='19mm',-0.69338
14.2,g1='16.5mm' lw='5.25mm' slot_length='19mm',0.299724
14.3,g1='16.5mm' lw='5.25mm' slot_length='19mm',1.1054
14.4,g1='16.5mm' lw='5.25mm' slot_length='19mm',1.60113
14.5,g1='16.5mm' lw='5.25mm' slot_length='19mm',1.69739
14.6,g1='16.5mm' lw='5.25mm' slot_length='19mm',1.39628
14.7,g1='16.5mm' lw='5.25mm' slot_length='19mm',0.790409
14.8,g1='16.5mm' lw='5.25mm' slot_length='19mm',0.00330015
14.9,g1='16.5mm' lw='5.25mm' slot_length='19mm',-0.86306
15,g1='16.5mm' lw='5.25mm' slot_length='19mm',-1.74355
1,g1='8.5mm' lw='5.25mm' slot_length='20mm',-12.0138
1.1,g1='8.5mm' lw='5.25mm' slot_length='20mm',-11.9227
1.2,g1='8.5mm' lw='5.25mm' slot_length='20mm',-11.8188
1.3,g1='8.5mm' lw='5.25mm' slot_length='20mm',-11.7004
1.4,g1='8.5mm' lw='5.25mm' slot_length='20mm',-11.5655
1.5,g1='8.5mm' lw='5.25mm' slot_length='20mm',-11.4114
1.6,g1='8.5mm' lw='5.25mm' slot_length='20mm',-11.2346
1.7,g1='8.5mm' lw='5.25mm' slot_length='20mm',-11.0306
1.8,g1='8.5mm' lw='5.25mm' slot_length='20mm',-10.793
1.9,g1='8.5mm' lw='5.25mm' slot_length='20mm',-10.5139
2,g1='8.5mm' lw='5.25mm' slot_length='20mm',-10.1823
2.1,g1='8.5mm' lw='5.25mm' slot_length='20mm',-9.78498
2.2,g1='8.5mm' lw='5.25mm' slot_length='20mm',-9.30786
2.3,g1='8.5mm' lw='5.25mm' slot_length='20mm',-8.74748
2.4,g1='8.5mm' lw='5.25mm' slot_length='20mm',-8.14937
2.5,g1='8.5mm' lw='5.25mm' slot_length='20mm',-7.70931
2.6,g1='8.5mm' lw='5.25mm' slot_length='20mm',-7.86096
2.7,g1='8.5mm' lw='5.25mm' slot_length='20mm',-8.86551
2.8,g1='8.5mm' lw='5.25mm' slot_length='20mm',-10.1911
2.9,g1='8.5mm' lw='5.25mm' slot_length='20mm',-11.1581
3,g1='8.5mm' lw='5.25mm' slot_length='20mm',-11.6136
3.1,g1='8.5mm' lw='5.25mm' slot_length='20mm',-11.7065
3.2,g1='8.5mm' lw='5.25mm' slot_length='20mm',-11.5965
3.3,g1='8.5mm' lw='5.25mm' slot_length='20mm',-11.3811
3.4,g1='8.5mm' lw='5.25mm' slot_length='20mm',-11.1105
3.5,g1='8.5mm' lw='5.25mm' slot_length='20mm',-10.809
3.6,g1='8.5mm' lw='5.25mm' slot_length='20mm',-10.4886
3.7,g1='8.5mm' lw='5.25mm' slot_length='20mm',-10.1557
3.8,g1='8.5mm' lw='5.25mm' slot_length='20mm',-9.8146
3.9,g1='8.5mm' lw='5.25mm' slot_length='20mm',-9.46973
4,g1='8.5mm' lw='5.25mm' slot_length='20mm',-9.12696
4.1,g1='8.5mm' lw='5.25mm' slot_length='20mm',-8.795
4.2,g1='8.5mm' lw='5.25mm' slot_length='20mm',-8.48672
4.3,g1='8.5mm' lw='5.25mm' slot_length='20mm',-8.2202
4.4,g1='8.5mm' lw='5.25mm' slot_length='20mm',-8.01927
4.5,g1='8.5mm' lw='5.25mm' slot_length='20mm',-7.91237
4.6,g1='8.5mm' lw='5.25mm' slot_length='20mm',-7.92894
4.7,g1='8.5mm' lw='5.25mm' slot_length='20mm',-8.09291
4.8,g1='8.5mm' lw='5.25mm' slot_length='20mm',-8.41515
4.9,g1='8.5mm' lw='5.25mm' slot_length='20mm',-8.88823
5,g1='8.5mm' lw='5.25mm' slot_length='20mm',-9.48642
5.1,g1='8.5mm' lw='5.25mm' slot_length='20mm',-10.1707
5.2,g1='8.5mm' lw='5.25mm' slot_length='20mm',-10.8958
5.3,g1='8.5mm' lw='5.25mm' slot_length='20mm',-11.6155
5.4,g1='8.5mm' lw='5.25mm' slot_length='20mm',-12.2866
5.5,g1='8.5mm' lw='5.25mm' slot_length='20mm',-12.8708
5.6,g1='8.5mm' lw='5.25mm' slot_length='20mm',-13.3357
5.7,g1='8.5mm' lw='5.25mm' slot_length='20mm',-13.6555
5.8,g1='8.5mm' lw='5.25mm' slot_length='20mm',-13.8092
5.9,g1='8.5mm' lw='5.25mm' slot_length='20mm',-13.7742
6,g1='8.5mm' lw='5.25mm' slot_length='20mm',-13.5122
6.1,g1='8.5mm' lw='5.25mm' slot_length='20mm',-12.9441
6.2,g1='8.5mm' lw='5.25mm' slot_length='20mm',-11.9111
6.3,g1='8.5mm' lw='5.25mm' slot_length='20mm',-10.1784
6.4,g1='8.5mm' lw='5.25mm' slot_length='20mm',-7.87722
6.5,g1='8.5mm' lw='5.25mm' slot_length='20mm',-6.91786
6.6,g1='8.5mm' lw='5.25mm' slot_length='20mm',-8.26356
6.7,g1='8.5mm' lw='5.25mm' slot_length='20mm',-9.78584
6.8,g1='8.5mm' lw='5.25mm' slot_length='20mm',-10.8138
6.9,g1='8.5mm' lw='5.25mm' slot_length='20mm',-11.4838
7,g1='8.5mm' lw='5.25mm' slot_length='20mm',-11.9619
7.1,g1='8.5mm' lw='5.25mm' slot_length='20mm',-12.3534
7.2,g1='8.5mm' lw='5.25mm' slot_length='20mm',-12.72
7.3,g1='8.5mm' lw='5.25mm' slot_length='20mm',-13.097
7.4,g1='8.5mm' lw='5.25mm' slot_length='20mm',-13.5037
7.5,g1='8.5mm' lw='5.25mm' slot_length='20mm',-13.949
7.6,g1='8.5mm' lw='5.25mm' slot_length='20mm',-14.4343
7.7,g1='8.5mm' lw='5.25mm' slot_length='20mm',-14.956
7.8,g1='8.5mm' lw='5.25mm' slot_length='20mm',-15.5069
7.9,g1='8.5mm' lw='5.25mm' slot_length='20mm',-16.0771
8,g1='8.5mm' lw='5.25mm' slot_length='20mm',-16.6545
8.1,g1='8.5mm' lw='5.25mm' slot_length='20mm',-17.2256
8.2,g1='8.5mm' lw='5.25mm' slot_length='20mm',-17.7755
8.3,g1='8.5mm' lw='5.25mm' slot_length='20mm',-18.2883
8.4,g1='8.5mm' lw='5.25mm' slot_length='20mm',-18.7477
8.5,g1='8.5mm' lw='5.25mm' slot_length='20mm',-19.138
8.6,g1='8.5mm' lw='5.25mm' slot_length='20mm',-19.4458
8.7,g1='8.5mm' lw='5.25mm' slot_length='20mm',-19.6616
8.8,g1='8.5mm' lw='5.25mm' slot_length='20mm',-19.781
8.9,g1='8.5mm' lw='5.25mm' slot_length='20mm',-19.8055
9,g1='8.5mm' lw='5.25mm' slot_length='20mm',-19.7422
9.1,g1='8.5mm' lw='5.25mm' slot_length='20mm',-19.6026
9.2,g1='8.5mm' lw='5.25mm' slot_length='20mm',-19.4008
9.3,g1='8.5mm' lw='5.25mm' slot_length='20mm',-19.1519
9.4,g1='8.5mm' lw='5.25mm' slot_length='20mm',-18.8706
9.5,g1='8.5mm' lw='5.25mm' slot_length='20mm',-18.5701
9.6,g1='8.5mm' lw='5.25mm' slot_length='20mm',-18.262
9.7,g1='8.5mm' lw='5.25mm' slot_length='20mm',-17.9555
9.8,g1='8.5mm' lw='5.25mm' slot_length='20mm',-17.6578
9.9,g1='8.5mm' lw='5.25mm' slot_length='20mm',-17.3736
10,g1='8.5mm' lw='5.25mm' slot_length='20mm',-17.1055
10.1,g1='8.5mm' lw='5.25mm' slot_length='20mm',-16.854
10.2,g1='8.5mm' lw='5.25mm' slot_length='20mm',-16.6177
10.3,g1='8.5mm' lw='5.25mm' slot_length='20mm',-16.3942
10.4,g1='8.5mm' lw='5.25mm' slot_length='20mm',-16.1802
10.5,g1='8.5mm' lw='5.25mm' slot_length='20mm',-15.9719
10.6,g1='8.5mm' lw='5.25mm' slot_length='20mm',-15.7657
10.7,g1='8.5mm' lw='5.25mm' slot_length='20mm',-15.5585
10.8,g1='8.5mm' lw='5.25mm' slot_length='20mm',-15.3474
10.9,g1='8.5mm' lw='5.25mm' slot_length='20mm',-15.1304
11,g1='8.5mm' lw='5.25mm' slot_length='20mm',-14.9058
11.1,g1='8.5mm' lw='5.25mm' slot_length='20mm',-14.6725
11.2,g1='8.5mm' lw='5.25mm' slot_length='20mm',-14.4296
11.3,g1='8.5mm' lw='5.25mm' slot_length='20mm',-14.1764
11.4,g1='8.5mm' lw='5.25mm' slot_length='20mm',-13.9124
11.5,g1='8.5mm' lw='5.25mm' slot_length='20mm',-13.637
11.6,g1='8.5mm' lw='5.25mm' slot_length='20mm',-13.3497
11.7,g1='8.5mm' lw='5.25mm' slot_length='20mm',-13.0498
11.8,g1='8.5mm' lw='5.25mm' slot_length='20mm',-12.7365
11.9,g1='8.5mm' lw='5.25mm' slot_length='20mm',-12.409
12,g1='8.5mm' lw='5.25mm' slot_length='20mm',-12.0666
12.1,g1='8.5mm' lw='5.25mm' slot_length='20mm',-11.7089
12.2,g1='8.5mm' lw='5.25mm' slot_length='20mm',-11.3357
12.3,g1='8.5mm' lw='5.25mm' slot_length='20mm',-10.9475
12.4,g1='8.5mm' lw='5.25mm' slot_length='20mm',-10.5453
12.5,g1='8.5mm' lw='5.25mm' slot_length='20mm',-10.1307
12.6,g1='8.5mm' lw='5.25mm' slot_length='20mm',-9.70566
12.7,g1='8.5mm' lw='5.25mm' slot_length='20mm',-9.2725
12.8,g1='8.5mm' lw='5.25mm' slot_length='20mm',-8.83328
12.9,g1='8.5mm' lw='5.25mm' slot_length='20mm',-8.38972
13,g1='8.5mm' lw='5.25mm' slot_length='20mm',-7.94304
13.1,g1='8.5mm' lw='5.25mm' slot_length='20mm',-7.49389
13.2,g1='8.5mm' lw='5.25mm' slot_length='20mm',-7.04243
13.3,g1='8.5mm' lw='5.25mm' slot_length='20mm',-6.58845
13.4,g1='8.5mm' lw='5.25mm' slot_length='20mm',-6.13151
13.5,g1='8.5mm' lw='5.25mm' slot_length='20mm',-5.67113
13.6,g1='8.5mm' lw='5.25mm' slot_length='20mm',-5.20689
13.7,g1='8.5mm' lw='5.25mm' slot_length='20mm',-4.7386
13.8,g1='8.5mm' lw='5.25mm' slot_length='20mm',-4.26641
13.9,g1='8.5mm' lw='5.25mm' slot_length='20mm',-3.79093
14,g1='8.5mm' lw='5.25mm' slot_length='20mm',-3.31334
14.1,g1='8.5mm' lw='5.25mm' slot_length='20mm',-2.83557
14.2,g1='8.5mm' lw='5.25mm' slot_length='20mm',-2.36046
14.3,g1='8.5mm' lw='5.25mm' slot_length='20mm',-1.89191
14.4,g1='8.5mm' lw='5.25mm' slot_length='20mm',-1.43508
14.5,g1='8.5mm' lw='5.25mm' slot_length='20mm',-0.996495
14.6,g1='8.5mm' lw='5.25mm' slot_length='20mm',-0.584092
14.7,g1='8.5mm' lw='5.25mm' slot_length='20mm',-0.207058
14.8,g1='8.5mm' lw='5.25mm' slot_length='20mm',0.124562
14.9,g1='8.5mm' lw='5.25mm' slot_length='20mm',0.400584
15,g1='8.5mm' lw='5.25mm' slot_length='20mm',0.611688
1,g1='12.5mm' lw='5.25mm' slot_length='20mm',-11.1441
1.1,g1='12.5mm' lw='5.25mm' slot_length='20mm',-10.9939
1.2,g1='12.5mm' lw='5.25mm' slot_length='20mm',-10.8175
1.3,g1='12.5mm' lw='5.25mm' slot_length='20mm',-10.6093
1.4,g1='12.5mm' lw='5.25mm' slot_length='20mm',-10.3621
1.5,g1='12.5mm' lw='5.25mm' slot_length='20mm',-10.0656
1.6,g1='12.5mm' lw='5.25mm' slot_length='20mm',-9.70508
1.7,g1='12.5mm' lw='5.25mm' slot_length='20mm',-9.25844
1.8,g1='12.5mm' lw='5.25mm' slot_length='20mm',-8.69158
1.9,g1='12.5mm' lw='5.25mm' slot_length='20mm',-7.9489
2,g1='12.5mm' lw='5.25mm' slot_length='20mm',-6.93478
2.1,g1='12.5mm' lw='5.25mm' slot_length='20mm',-5.47735
2.2,g1='12.5mm' lw='5.25mm' slot_length='20mm',-3.29749
2.3,g1='12.5mm' lw='5.25mm' slot_length='20mm',-0.710589
2.4,g1='12.5mm' lw='5.25mm' slot_length='20mm',-2.9701
2.5,g1='12.5mm' lw='5.25mm' slot_length='20mm',-9.24187
2.6,g1='12.5mm' lw='5.25mm' slot_length='20mm',-14.3596
2.7,g1='12.5mm' lw='5.25mm' slot_length='20mm',-17.1384
2.8,g1='12.5mm' lw='5.25mm' slot_length='20mm',-17.6328
2.9,g1='12.5mm' lw='5.25mm' slot_length='20mm',-17.1286
3,g1='12.5mm' lw='5.25mm' slot_length='20mm',-16.4497
3.1,g1='12.5mm' lw='5.25mm' slot_length='20mm',-15.8359
3.2,g1='12.5mm' lw='5.25mm' slot_length='20mm',-15.331
3.3,g1='12.5mm' lw='5.25mm' slot_length='20mm',-14.935
3.4,g1='12.5mm' lw='5.25mm' slot_length='20mm',-14.6426
3.5,g1='12.5mm' lw='5.25mm' slot_length='20mm',-14.4518
3.6,g1='12.5mm' lw='5.25mm' slot_length='20mm',-14.3629
3.7,g1='12.5mm' lw='5.25mm' slot_length='20mm',-14.3749
3.8,g1='12.5mm' lw='5.25mm' slot_length='20mm',-14.4808
3.9,g1='12.5mm' lw='5.25mm' slot_length='20mm',-14.6635
4,g1='12.5mm' lw='5.25mm' slot_length='20mm',-14.8946
4.1,g1='12.5mm' lw='5.25mm' slot_length='20mm',-15.1384
4.2,g1='12.5mm' lw='5.25mm' slot_length='20mm',-15.3586
4.3,g1='12.5mm' lw='5.25mm' slot_length='20mm',-15.5263
4.4,g1='12.5mm' lw='5.25mm' slot_length='20mm',-15.6252
4.5,g1='12.5mm' lw='5.25mm' slot_length='20mm',-15.6518
4.6,g1='12.5mm' lw='5.25mm' slot_length='20mm',-15.6119
4.7,g1='12.5mm' lw='5.25mm' slot_length='20mm',-15.5164
4.8,g1='12.5mm' lw='5.25mm' slot_length='20mm',-15.3776
4.9,g1='12.5mm' lw='5.25mm' slot_length='20mm',-15.2065
5,g1='12.5mm' lw='5.25mm' slot_length='20mm',-15.0122
5.1,g1='12.5mm' lw='5.25mm' slot_length='20mm',-14.8016
5.2,g1='12.5mm' lw='5.25mm' slot_length='20mm',-14.5794
5.3,g1='12.5mm' lw='5.25mm' slot_length='20mm',-14.3488
5.4,g1='12.5mm' lw='5.25mm' slot_length='20mm',-14.1118
5.5,g1='12.5mm' lw='5.25mm' slot_length='20mm',-13.8695
5.6,g1='12.5mm' lw='5.25mm' slot_length='20mm',-13.6222
5.7,g1='12.5mm' lw='5.25mm' slot_length='20mm',-13.3697
5.8,g1='12.5mm' lw='5.25mm' slot_length='20mm',-13.1113
5.9,g1='12.5mm' lw='5.25mm' slot_length='20mm',-12.8454
6,g1='12.5mm' lw='5.25mm' slot_length='20mm',-12.5696
6.1,g1='12.5mm' lw='5.25mm' slot_length='20mm',-12.2799
6.2,g1='12.5mm' lw='5.25mm' slot_length='20mm',-11.9685
6.3,g1='12.5mm' lw='5.25mm' slot_length='20mm',-11.6202
6.4,g1='12.5mm' lw='5.25mm' slot_length='20mm',-11.2026
6.5,g1='12.5mm' lw='5.25mm' slot_length='20mm',-10.6516
6.6,g1='12.5mm' lw='5.25mm' slot_length='20mm',-9.96996
6.7,g1='12.5mm' lw='5.25mm' slot_length='20mm',-9.72428
6.8,g1='12.5mm' lw='5.25mm' slot_length='20mm',-9.9203
6.9,g1='12.5mm' lw='5.25mm' slot_length='20mm',-9.90866
7,g1='12.5mm' lw='5.25mm' slot_length='20mm',-9.72318
7.1,g1='12.5mm' lw='5.25mm' slot_length='20mm',-9.45898
7.2,g1='12.5mm' lw='5.25mm' slot_length='20mm',-9.1564
7.3,g1='12.5mm' lw='5.25mm' slot_length='20mm',-8.83177
7.4,g1='12.5mm' lw='5.25mm' slot_length='20mm',-8.49276
7.5,g1='12.5mm' lw='5.25mm' slot_length='20mm',-8.14397
7.6,g1='12.5mm' lw='5.25mm' slot_length='20mm',-7.7892
7.7,g1='12.5mm' lw='5.25mm' slot_length='20mm',-7.4325
7.8,g1='12.5mm' lw='5.25mm' slot_length='20mm',-7.0787
7.9,g1='12.5mm' lw='5.25mm' slot_length='20mm',-6.7338
8,g1='12.5mm' lw='5.25mm' slot_length='20mm',-6.40506
8.1,g1='12.5mm' lw='5.25mm' slot_length='20mm',-6.10084
8.2,g1='12.5mm' lw='5.25mm' slot_length='20mm',-5.83006
8.3,g1='12.5mm' lw='5.25mm' slot_length='20mm',-5.60128
8.4,g1='12.5mm' lw='5.25mm' slot_length='20mm',-5.42135
8.5,g1='12.5mm' lw='5.25mm' slot_length='20mm',-5.29413
8.6,g1='12.5mm' lw='5.25mm' slot_length='20mm',-5.21952
8.7,g1='12.5mm' lw='5.25mm' slot_length='20mm',-5.19347
8.8,g1='12.5mm' lw='5.25mm' slot_length='20mm',-5.20901
8.9,g1='12.5mm' lw='5.25mm' slot_length='20mm',-5.25835
9,g1='12.5mm' lw='5.25mm' slot_length='20mm',-5.33523
9.1,g1='12.5mm' lw='5.25mm' slot_length='20mm',-5.43708
9.2,g1='12.5mm' lw='5.25mm' slot_length='20mm',-5.56624
9.3,g1='12.5mm' lw='5.25mm' slot_length='20mm',-5.72984
9.4,g1='12.5mm' lw='5.25mm' slot_length='20mm',-5.93826
9.5,g1='12.5mm' lw='5.25mm' slot_length='20mm',-6.20239
9.6,g1='12.5mm' lw='5.25mm' slot_length='20mm',-6.5303
9.7,g1='12.5mm' lw='5.25mm' slot_length='20mm',-6.92456
9.8,g1='12.5mm' lw='5.25mm' slot_length='20mm',-7.38079
9.9,g1='12.5mm' lw='5.25mm' slot_length='20mm',-7.88812
10,g1='12.5mm' lw='5.25mm' slot_length='20mm',-8.43082
10.1,g1='12.5mm' lw='5.25mm' slot_length='20mm',-8.99051
10.2,g1='12.5mm' lw='5.25mm' slot_length='20mm',-9.54804
10.3,g1='12.5mm' lw='5.25mm' slot_length='20mm',-10.0848
10.4,g1='12.5mm' lw='5.25mm' slot_length='20mm',-10.5836
10.5,g1='12.5mm' lw='5.25mm' slot_length='20mm',-11.0287
10.6,g1='12.5mm' lw='5.25mm' slot_length='20mm',-11.4068
10.7,g1='12.5mm' lw='5.25mm' slot_length='20mm',-11.7069
10.8,g1='12.5mm' lw='5.25mm' slot_length='20mm',-11.9212
10.9,g1='12.5mm' lw='5.25mm' slot_length='20mm',-12.0454
11,g1='12.5mm' lw='5.25mm' slot_length='20mm',-12.0789
11.1,g1='12.5mm' lw='5.25mm' slot_length='20mm',-12.025
11.2,g1='12.5mm' lw='5.25mm' slot_length='20mm',-11.8907
11.3,g1='12.5mm' lw='5.25mm' slot_length='20mm',-11.6855
11.4,g1='12.5mm' lw='5.25mm' slot_length='20mm',-11.4216
11.5,g1='12.5mm' lw='5.25mm' slot_length='20mm',-11.1131
11.6,g1='12.5mm' lw='5.25mm' slot_length='20mm',-10.7759
11.7,g1='12.5mm' lw='5.25mm' slot_length='20mm',-10.4277
11.8,g1='12.5mm' lw='5.25mm' slot_length='20mm',-10.0884
11.9,g1='12.5mm' lw='5.25mm' slot_length='20mm',-9.78006
12,g1='12.5mm' lw='5.25mm' slot_length='20mm',-9.5265
12.1,g1='12.5mm' lw='5.25mm' slot_length='20mm',-9.35181
12.2,g1='12.5mm' lw='5.25mm' slot_length='20mm',-9.27796
12.3,g1='12.5mm' lw='5.25mm' slot_length='20mm',-9.32156
12.4,g1='12.5mm' lw='5.25mm' slot_length='20mm',-9.49092
12.5,g1='12.5mm' lw='5.25mm' slot_length='20mm',-9.78463
12.6,g1='12.5mm' lw='5.25mm' slot_length='20mm',-10.1922
12.7,g1='12.5mm' lw='5.25mm' slot_length='20mm',-10.6967
12.8,g1='12.5mm' lw='5.25mm' slot_length='20mm',-11.2775
12.9,g1='12.5mm' lw='5.25mm' slot_length='20mm',-11.9133
13,g1='12.5mm' lw='5.25mm' slot_length='20mm',-12.5829
13.1,g1='12.5mm' lw='5.25mm' slot_length='20mm',-13.2653
13.2,g1='12.5mm' lw='5.25mm' slot_length='20mm',-13.939
13.3,g1='12.5mm' lw='5.25mm' slot_length='20mm',-14.5807
13.4,g1='12.5mm' lw='5.25mm' slot_length='20mm',-15.164
13.5,g1='12.5mm' lw='5.25mm' slot_length='20mm',-15.6597
13.6,g1='12.5mm' lw='5.25mm' slot_length='20mm',-16.0377
13.7,g1='12.5mm' lw='5.25mm' slot_length='20mm',-16.2714
13.8,g1='12.5mm' lw='5.25mm' slot_length='20mm',-16.3436
13.9,g1='12.5mm' lw='5.25mm' slot_length='20mm',-16.2512
14,g1='12.5mm' lw='5.25mm' slot_length='20mm',-16.0065
14.1,g1='12.5mm' lw='5.25mm' slot_length='20mm',-15.6335
14.2,g1='12.5mm' lw='5.25mm' slot_length='20mm',-15.1626
14.3,g1='12.5mm' lw='5.25mm' slot_length='20mm',-14.6243
14.4,g1='12.5mm' lw='5.25mm' slot_length='20mm',-14.0457
14.5,g1='12.5mm' lw='5.25mm' slot_length='20mm',-13.4493
14.6,g1='12.5mm' lw='5.25mm' slot_length='20mm',-12.8526
14.7,g1='12.5mm' lw='5.25mm' slot_length='20mm',-12.2687
14.8,g1='12.5mm' lw='5.25mm' slot_length='20mm',-11.7075
14.9,g1='12.5mm' lw='5.25mm' slot_length='20mm',-11.1763
15,g1='12.5mm' lw='5.25mm' slot_length='20mm',-10.6799
1,g1='16.5mm' lw='5.25mm' slot_length='20mm',-10.2065
1.1,g1='16.5mm' lw='5.25mm' slot_length='20mm',-9.88203
1.2,g1='16.5mm' lw='5.25mm' slot_length='20mm',-9.46314
1.3,g1='16.5mm' lw='5.25mm' slot_length='20mm',-8.90625
1.4,g1='16.5mm' lw='5.25mm' slot_length='20mm',-8.13322
1.5,g1='16.5mm' lw='5.25mm' slot_length='20mm',-6.98759
1.6,g1='16.5mm' lw='5.25mm' slot_length='20mm',-5.09729
1.7,g1='16.5mm' lw='5.25mm' slot_length='20mm',-1.25215
1.8,g1='16.5mm' lw='5.25mm' slot_length='20mm',10.4314
1.9,g1='16.5mm' lw='5.25mm' slot_length='20mm',-6.47444
2,g1='16.5mm' lw='5.25mm' slot_length='20mm',-18.0276
2.1,g1='16.5mm' lw='5.25mm' slot_length='20mm',-30.3707
2.2,g1='16.5mm' lw='5.25mm' slot_length='20mm',-24.1026
2.3,g1='16.5mm' lw='5.25mm' slot_length='20mm',-20.4224
2.4,g1='16.5mm' lw='5.25mm' slot_length='20mm',-18.528
2.5,g1='16.5mm' lw='5.25mm' slot_length='20mm',-17.3536
2.6,g1='16.5mm' lw='5.25mm' slot_length='20mm',-16.5424
2.7,g1='16.5mm' lw='5.25mm' slot_length='20mm',-15.9416
2.8,g1='16.5mm' lw='5.25mm' slot_length='20mm',-15.4747
2.9,g1='16.5mm' lw='5.25mm' slot_length='20mm',-15.0999
3,g1='16.5mm' lw='5.25mm' slot_length='20mm',-14.7926
3.1,g1='16.5mm' lw='5.25mm' slot_length='20mm',-14.5374
3.2,g1='16.5mm' lw='5.25mm' slot_length='20mm',-14.3242
3.3,g1='16.5mm' lw='5.25mm' slot_length='20mm',-14.1456
3.4,g1='16.5mm' lw='5.25mm' slot_length='20mm',-13.9946
3.5,g1='16.5mm' lw='5.25mm' slot_length='20mm',-13.8639
3.6,g1='16.5mm' lw='5.25mm' slot_length='20mm',-13.7459
3.7,g1='16.5mm' lw='5.25mm' slot_length='20mm',-13.6328
3.8,g1='16.5mm' lw='5.25mm' slot_length='20mm',-13.5184
3.9,g1='16.5mm' lw='5.25mm' slot_length='20mm',-13.398
4,g1='16.5mm' lw='5.25mm' slot_length='20mm',-13.269
4.1,g1='16.5mm' lw='5.25mm' slot_length='20mm',-13.1306
4.2,g1='16.5mm' lw='5.25mm' slot_length='20mm',-12.9831
4.3,g1='16.5mm' lw='5.25mm' slot_length='20mm',-12.8271
4.4,g1='16.5mm' lw='5.25mm' slot_length='20mm',-12.6636
4.5,g1='16.5mm' lw='5.25mm' slot_length='20mm',-12.4931
4.6,g1='16.5mm' lw='5.25mm' slot_length='20mm',-12.3162
4.7,g1='16.5mm' lw='5.25mm' slot_length='20mm',-12.1332
4.8,g1='16.5mm' lw='5.25mm' slot_length='20mm',-11.9439
4.9,g1='16.5mm' lw='5.25mm' slot_length='20mm',-11.7482
5,g1='16.5mm' lw='5.25mm' slot_length='20mm',-11.5458
5.1,g1='16.5mm' lw='5.25mm' slot_length='20mm',-11.3362
5.2,g1='16.5mm' lw='5.25mm' slot_length='20mm',-11.1187
5.3,g1='16.5mm' lw='5.25mm' slot_length='20mm',-10.8926
5.4,g1='16.5mm' lw='5.25mm' slot_length='20mm',-10.6571
5.5,g1='16.5mm' lw='5.25mm' slot_length='20mm',-10.4113
5.6,g1='16.5mm' lw='5.25mm' slot_length='20mm',-10.154
5.7,g1='16.5mm' lw='5.25mm' slot_length='20mm',-9.88424
5.8,g1='16.5mm' lw='5.25mm' slot_length='20mm',-9.60072
5.9,g1='16.5mm' lw='5.25mm' slot_length='20mm',-9.30222
6,g1='16.5mm' lw='5.25mm' slot_length='20mm',-8.9875
6.1,g1='16.5mm' lw='5.25mm' slot_length='20mm',-8.65536
6.2,g1='16.5mm' lw='5.25mm' slot_length='20mm',-8.30416
6.3,g1='16.5mm' lw='5.25mm' slot_length='20mm',-7.92904
6.4,g1='16.5mm' lw='5.25mm' slot_length='20mm',-7.50986
6.5,g1='16.5mm' lw='5.25mm' slot_length='20mm',-6.991
6.6,g1='16.5mm' lw='5.25mm' slot_length='20mm',-6.34727
6.7,g1='16.5mm' lw='5.25mm' slot_length='20mm',-5.66047
6.8,g1='16.5mm' lw='5.25mm' slot_length='20mm',-4.95199
6.9,g1='16.5mm' lw='5.25mm' slot_length='20mm',-4.18037
7,g1='16.5mm' lw='5.25mm' slot_length='20mm',-3.30349
7.1,g1='16.5mm' lw='5.25mm' slot_length='20mm',-2.27874
7.2,g1='16.5mm' lw='5.25mm' slot_length='20mm',-1.0509
7.3,g1='16.5mm' lw='5.25mm' slot_length='20mm',0.461617
7.4,g1='16.5mm' lw='5.25mm' slot_length='20mm',2.38468
7.5,g1='16.5mm' lw='5.25mm' slot_length='20mm',4.89183
7.6,g1='16.5mm' lw='5.25mm' slot_length='20mm',7.93933
7.7,g1='16.5mm' lw='5.25mm' slot_length='20mm',9.31873
7.8,g1='16.5mm' lw='5.25mm' slot_length='20mm',6.27276
7.9,g1='16.5mm' lw='5.25mm' slot_length='20mm',2.36351
8,g1='16.5mm' lw='5.25mm' slot_length='20mm',-0.949926
8.1,g1='16.5mm' lw='5.25mm' slot_length='20mm',-3.75444
8.2,g1='16.5mm' lw='5.25mm' slot_length='20mm',-6.23064
8.3,g1='16.5mm' lw='5.25mm' slot_length='20mm',-8.50728
8.4,g1='16.5mm' lw='5.25mm' slot_length='20mm',-10.6717
8.5,g1='16.5mm' lw='5.25mm' slot_length='20mm',-12.7813
8.6,g1='16.5mm' lw='5.25mm' slot_length='20mm',-14.8614
8.7,g1='16.5mm' lw='5.25mm' slot_length='20mm',-16.8816
8.8,g1='16.5mm' lw='5.25mm' slot_length='20mm',-18.7005
8.9,g1='16.5mm' lw='5.25mm' slot_length='20mm',-20.0126
9,g1='16.5mm' lw='5.25mm' slot_length='20mm',-20.4738
9.1,g1='16.5mm' lw='5.25mm' slot_length='20mm',-20.0605
9.2,g1='16.5mm' lw='5.25mm' slot_length='20mm',-19.1115
9.3,g1='16.5mm' lw='5.25mm' slot_length='20mm',-17.973
9.4,g1='16.5mm' lw='5.25mm' slot_length='20mm',-16.8312
9.5,g1='16.5mm' lw='5.25mm' slot_length='20mm',-15.7553
9.6,g1='16.5mm' lw='5.25mm' slot_length='20mm',-14.761
9.7,g1='16.5mm' lw='5.25mm' slot_length='20mm',-13.8433
9.8,g1='16.5mm' lw='5.25mm' slot_length='20mm',-12.9915
9.9,g1='16.5mm' lw='5.25mm' slot_length='20mm',-12.1947
10,g1='16.5mm' lw='5.25mm' slot_length='20mm',-11.4452
10.1,g1='16.5mm' lw='5.25mm' slot_length='20mm',-10.7407
10.2,g1='16.5mm' lw='5.25mm' slot_length='20mm',-10.0861
10.3,g1='16.5mm' lw='5.25mm' slot_length='20mm',-9.4963
10.4,g1='16.5mm' lw='5.25mm' slot_length='20mm',-8.9981
10.5,g1='16.5mm' lw='5.25mm' slot_length='20mm',-8.63114
10.6,g1='16.5mm' lw='5.25mm' slot_length='20mm',-8.44408
10.7,g1='16.5mm' lw='5.25mm' slot_length='20mm',-8.48459
10.8,g1='16.5mm' lw='5.25mm' slot_length='20mm',-8.78428
10.9,g1='16.5mm' lw='5.25mm' slot_length='20mm',-9.34668
11,g1='16.5mm' lw='5.25mm' slot_length='20mm',-10.1471
11.1,g1='16.5mm' lw='5.25mm' slot_length='20mm',-11.1438
11.2,g1='16.5mm' lw='5.25mm' slot_length='20mm',-12.2928
11.3,g1='16.5mm' lw='5.25mm' slot_length='20mm',-13.5556
11.4,g1='16.5mm' lw='5.25mm' slot_length='20mm',-14.8998
11.5,g1='16.5mm' lw='5.25mm' slot_length='20mm',-16.2914
11.6,g1='16.5mm' lw='5.25mm' slot_length='20mm',-17.6802
11.7,g1='16.5mm' lw='5.25mm' slot_length='20mm',-18.9765
11.8,g1='16.5mm' lw='5.25mm' slot_length='20mm',-20.0313
11.9,g1='16.5mm' lw='5.25mm' slot_length='20mm',-20.6546
12,g1='16.5mm' lw='5.25mm' slot_length='20mm',-20.716
12.1,g1='16.5mm' lw='5.25mm' slot_length='20mm',-20.2511
12.2,g1='16.5mm' lw='5.25mm' slot_length='20mm',-19.4288
12.3,g1='16.5mm' lw='5.25mm' slot_length='20mm',-18.4271
12.4,g1='16.5mm' lw='5.25mm' slot_length='20mm',-17.3648
12.5,g1='16.5mm' lw='5.25mm' slot_length='20mm',-16.3031
12.6,g1='16.5mm' lw='5.25mm' slot_length='20mm',-15.267
12.7,g1='16.5mm' lw='5.25mm' slot_length='20mm',-14.2628
12.8,g1='16.5mm' lw='5.25mm' slot_length='20mm',-13.2884
12.9,g1='16.5mm' lw='5.25mm' slot_length='20mm',-12.3376
13,g1='16.5mm' lw='5.25mm' slot_length='20mm',-11.4028
13.1,g1='16.5mm' lw='5.25mm' slot_length='20mm',-10.4763
13.2,g1='16.5mm' lw='5.25mm' slot_length='20mm',-9.54994
13.3,g1='16.5mm' lw='5.25mm' slot_length='20mm',-8.61615
13.4,g1='16.5mm' lw='5.25mm' slot_length='20mm',-7.66748
13.5,g1='16.5mm' lw='5.25mm' slot_length='20mm',-6.69702
13.6,g1='16.5mm' lw='5.25mm' slot_length='20mm',-5.69873
13.7,g1='16.5mm' lw='5.25mm' slot_length='20mm',-4.66833
13.8,g1='16.5mm' lw='5.25mm' slot_length='20mm',-3.60505
13.9,g1='16.5mm' lw='5.25mm' slot_length='20mm',-2.51492
14,g1='16.5mm' lw='5.25mm' slot_length='20mm',-1.4166
14.1,g1='16.5mm' lw='5.25mm' slot_length='20mm',-0.350634
14.2,g1='16.5mm' lw='5.25mm' slot_length='20mm',0.609804
14.3,g1='16.5mm' lw='5.25mm' slot_length='20mm',1.35593
14.4,g1='16.5mm' lw='5.25mm' slot_length='20mm',1.76799
14.5,g1='16.5mm' lw='5.25mm' slot_length='20mm',1.77458
14.6,g1='16.5mm' lw='5.25mm' slot_length='20mm',1.40189
14.7,g1='16.5mm' lw='5.25mm' slot_length='20mm',0.755215
14.8,g1='16.5mm' lw='5.25mm' slot_length='20mm',-0.044068
14.9,g1='16.5mm' lw='5.25mm' slot_length='20mm',-0.902404
15,g1='16.5mm' lw='5.25mm' slot_length='20mm',-1.76233
1,g1='8.5mm' lw='5.25mm' slot_length='22mm',-12.1358
1.1,g1='8.5mm' lw='5.25mm' slot_length='22mm',-12.0453
1.2,g1='8.5mm' lw='5.25mm' slot_length='22mm',-11.9421
1.3,g1='8.5mm' lw='5.25mm' slot_length='22mm',-11.8244
1.4,g1='8.5mm' lw='5.25mm' slot_length='22mm',-11.6902
1.5,g1='8.5mm' lw='5.25mm' slot_length='22mm',-11.5369
1.6,g1='8.5mm' lw='5.25mm' slot_length='22mm',-11.3608
1.7,g1='8.5mm' lw='5.25mm' slot_length='22mm',-11.1574
1.8,g1='8.5mm' lw='5.25mm' slot_length='22mm',-10.9204
1.9,g1='8.5mm' lw='5.25mm' slot_length='22mm',-10.6415
2,g1='8.5mm' lw='5.25mm' slot_length='22mm',-10.3098
2.1,g1='8.5mm' lw='5.25mm' slot_length='22mm',-9.91178
2.2,g1='8.5mm' lw='5.25mm' slot_length='22mm',-9.43409
2.3,g1='8.5mm' lw='5.25mm' slot_length='22mm',-8.87576
2.4,g1='8.5mm' lw='5.25mm' slot_length='22mm',-8.2919
2.5,g1='8.5mm' lw='5.25mm' slot_length='22mm',-7.90229
2.6,g1='8.5mm' lw='5.25mm' slot_length='22mm',-8.15526
2.7,g1='8.5mm' lw='5.25mm' slot_length='22mm',-9.23584
2.8,g1='8.5mm' lw='5.25mm' slot_length='22mm',-10.5325
2.9,g1='8.5mm' lw='5.25mm' slot_length='22mm',-11.4147
3,g1='8.5mm' lw='5.25mm' slot_length='22mm',-11.7958
3.1,g1='8.5mm' lw='5.25mm' slot_length='22mm',-11.8418
3.2,g1='8.5mm' lw='5.25mm' slot_length='22mm',-11.7054
3.3,g1='8.5mm' lw='5.25mm' slot_length='22mm',-11.4751
3.4,g1='8.5mm' lw='5.25mm' slot_length='22mm',-11.1952
3.5,g1='8.5mm' lw='5.25mm' slot_length='22mm',-10.8865
3.6,g1='8.5mm' lw='5.25mm' slot_length='22mm',-10.559
3.7,g1='8.5mm' lw='5.25mm' slot_length='22mm',-10.2176
3.8,g1='8.5mm' lw='5.25mm' slot_length='22mm',-9.86527
3.9,g1='8.5mm' lw='5.25mm' slot_length='22mm',-9.50508
4,g1='8.5mm' lw='5.25mm' slot_length='22mm',-9.14142
4.1,g1='8.5mm' lw='5.25mm' slot_length='22mm',-8.78144
4.2,g1='8.5mm' lw='5.25mm' slot_length='22mm',-8.43655
4.3,g1='8.5mm' lw='5.25mm' slot_length='22mm',-8.12437
4.4,g1='8.5mm' lw='5.25mm' slot_length='22mm',-7.87073
4.5,g1='8.5mm' lw='5.25mm' slot_length='22mm',-7.71109
4.6,g1='8.5mm' lw='5.25mm' slot_length='22mm',-7.69032
4.7,g1='8.5mm' lw='5.25mm' slot_length='22mm',-7.8595
4.8,g1='8.5mm' lw='5.25mm' slot_length='22mm',-8.27086
4.9,g1='8.5mm' lw='5.25mm' slot_length='22mm',-8.9761
5,g1='8.5mm' lw='5.25mm' slot_length='22mm',-10.04
5.1,g1='8.5mm' lw='5.25mm' slot_length='22mm',-11.5869
5.2,g1='8.5mm' lw='5.25mm' slot_length='22mm',-13.9032
5.3,g1='8.5mm' lw='5.25mm' slot_length='22mm',-17.2312
5.4,g1='8.5mm' lw='5.25mm' slot_length='22mm',-16.5111
5.5,g1='8.5mm' lw='5.25mm' slot_length='22mm',-11.2203
5.6,g1='8.5mm' lw='5.25mm' slot_length='22mm',-9.04525
5.7,g1='8.5mm' lw='5.25mm' slot_length='22mm',-8.94802
5.8,g1='8.5mm' lw='5.25mm' slot_length='22mm',-9.40924
5.9,g1='8.5mm' lw='5.25mm' slot_length='22mm',-9.91269
6,g1='8.5mm' lw='5.25mm' slot_length='22mm',-10.3357
6.1,g1='8.5mm' lw='5.25mm' slot_length='22mm',-10.6612
6.2,g1='8.5mm' lw='5.25mm' slot_length='22mm',-10.9001
6.3,g1='8.5mm' lw='5.25mm' slot_length='22mm',-11.0712
6.4,g1='8.5mm' lw='5.25mm' slot_length='22mm',-11.1953
6.5,g1='8.5mm' lw='5.25mm' slot_length='22mm',-11.2925
6.6,g1='8.5mm' lw='5.25mm' slot_length='22mm',-11.3822
6.7,g1='8.5mm' lw='5.25mm' slot_length='22mm',-11.4819
6.8,g1='8.5mm' lw='5.25mm' slot_length='22mm',-11.6073
6.9,g1='8.5mm' lw='5.25mm' slot_length='22mm',-11.7716
7,g1='8.5mm' lw='5.25mm' slot_length='22mm',-11.9852
7.1,g1='8.5mm' lw='5.25mm' slot_length='22mm',-12.2551
7.2,g1='8.5mm' lw='5.25mm' slot_length='22mm',-12.5854
7.3,g1='8.5mm' lw='5.25mm' slot_length='22mm',-12.9765
7.4,g1='8.5mm' lw='5.25mm' slot_length='22mm',-13.4261
7.5,g1='8.5mm' lw='5.25mm' slot_length='22mm',-13.9293
7.6,g1='8.5mm' lw='5.25mm' slot_length='22mm',-14.4792
7.7,g1='8.5mm' lw='5.25mm' slot_length='22mm',-15.0672
7.8,g1='8.5mm' lw='5.25mm' slot_length='22mm',-15.6837
7.9,g1='8.5mm' lw='5.25mm' slot_length='22mm',-16.3173
8,g1='8.5mm' lw='5.25mm' slot_length='22mm',-16.9554
8.1,g1='8.5mm' lw='5.25mm' slot_length='22mm',-17.5834
8.2,g1='8.5mm' lw='5.25mm' slot_length='22mm',-18.1845
8.3,g1='8.5mm' lw='5.25mm' slot_length='22mm',-18.7402
8.4,g1='8.5mm' lw='5.25mm' slot_length='22mm',-19.2308
8.5,g1='8.5mm' lw='5.25mm' slot_length='22mm',-19.6373
8.6,g1='8.5mm' lw='5.25mm' slot_length='22mm',-19.9439
8.7,g1='8.5mm' lw='5.25mm' slot_length='22mm',-20.1409
8.8,g1='8.5mm' lw='5.25mm' slot_length='22mm',-20.2264
8.9,g1='8.5mm' lw='5.25mm' slot_length='22mm',-20.2071
9,g1='8.5mm' lw='5.25mm' slot_length='22mm',-20.0963
9.1,g1='8.5mm' lw='5.25mm' slot_length='22mm',-19.9113
9.2,g1='8.5mm' lw='5.25mm' slot_length='22mm',-19.6706
9.3,g1='8.5mm' lw='5.25mm' slot_length='22mm',-19.3915
9.4,g1='8.5mm' lw='5.25mm' slot_length='22mm',-19.0892
9.5,g1='8.5mm' lw='5.25mm' slot_length='22mm',-18.7757
9.6,g1='8.5mm' lw='5.25mm' slot_length='22mm',-18.4603
9.7,g1='8.5mm' lw='5.25mm' slot_length='22mm',-18.1498
9.8,g1='8.5mm' lw='5.25mm' slot_length='22mm',-17.8488
9.9,g1='8.5mm' lw='5.25mm' slot_length='22mm',-17.5602
10,g1='8.5mm' lw='5.25mm' slot_length='22mm',-17.2858
10.1,g1='8.5mm' lw='5.25mm' slot_length='22mm',-17.0259
10.2,g1='8.5mm' lw='5.25mm' slot_length='22mm',-16.7801
10.3,g1='8.5mm' lw='5.25mm' slot_length='22mm',-16.5472
10.4,g1='8.5mm' lw='5.25mm' slot_length='22mm',-16.3254
10.5,g1='8.5mm' lw='5.25mm' slot_length='22mm',-16.1124
10.6,g1='8.5mm' lw='5.25mm' slot_length='22mm',-15.9055
10.7,g1='8.5mm' lw='5.25mm' slot_length='22mm',-15.7018
10.8,g1='8.5mm' lw='5.25mm' slot_length='22mm',-15.4982
10.9,g1='8.5mm' lw='5.25mm' slot_length='22mm',-15.2914
11,g1='8.5mm' lw='5.25mm' slot_length='22mm',-15.0785
11.1,g1='8.5mm' lw='5.25mm' slot_length='22mm',-14.8565
11.2,g1='8.5mm' lw='5.25mm' slot_length='22mm',-14.6229
11.3,g1='8.5mm' lw='5.25mm' slot_length='22mm',-14.3754
11.4,g1='8.5mm' lw='5.25mm' slot_length='22mm',-14.1124
11.5,g1='8.5mm' lw='5.25mm' slot_length='22mm',-13.8327
11.6,g1='8.5mm' lw='5.25mm' slot_length='22mm',-13.5354
11.7,g1='8.5mm' lw='5.25mm' slot_length='22mm',-13.2204
11.8,g1='8.5mm' lw='5.25mm' slot_length='22mm',-12.8878
11.9,g1='8.5mm' lw='5.25mm' slot_length='22mm',-12.538
12,g1='8.5mm' lw='5.25mm' slot_length='22mm',-12.1719
12.1,g1='8.5mm' lw='5.25mm' slot_length='22mm',-11.7905
12.2,g1='8.5mm' lw='5.25mm' slot_length='22mm',-11.3948
12.3,g1='8.5mm' lw='5.25mm' slot_length='22mm',-10.986
12.4,g1='8.5mm' lw='5.25mm' slot_length='22mm',-10.5653
12.5,g1='8.5mm' lw='5.25mm' slot_length='22mm',-10.1337
12.6,g1='8.5mm' lw='5.25mm' slot_length='22mm',-9.69247
12.7,g1='8.5mm' lw='5.25mm' slot_length='22mm',-9.24239
12.8,g1='8.5mm' lw='5.25mm' slot_length='22mm',-8.78438
12.9,g1='8.5mm' lw='5.25mm' slot_length='22mm',-8.31921
13,g1='8.5mm' lw='5.25mm' slot_length='22mm',-7.84755
13.1,g1='8.5mm' lw='5.25mm' slot_length='22mm',-7.37002
13.2,g1='8.5mm' lw='5.25mm' slot_length='22mm',-6.88718
13.3,g1='8.5mm' lw='5.25mm' slot_length='22mm',-6.39957
13.4,g1='8.5mm' lw='5.25mm' slot_length='22mm',-5.90772
13.5,g1='8.5mm' lw='5.25mm' slot_length='22mm',-5.41225
13.6,g1='8.5mm' lw='5.25mm' slot_length='22mm',-4.91385
13.7,g1='8.5mm' lw='5.25mm' slot_length='22mm',-4.41341
13.8,g1='8.5mm' lw='5.25mm' slot_length='22mm',-3.91201
13.9,g1='8.5mm' lw='5.25mm' slot_length='22mm',-3.41111
14,g1='8.5mm' lw='5.25mm' slot_length='22mm',-2.91257
14.1,g1='8.5mm' lw='5.25mm' slot_length='22mm',-2.4188
14.2,g1='8.5mm' lw='5.25mm' slot_length='22mm',-1.93291
14.3,g1='8.5mm' lw='5.25mm' slot_length='22mm',-1.45879
14.4,g1='8.5mm' lw='5.25mm' slot_length='22mm',-1.00128
14.5,g1='8.5mm' lw='5.25mm' slot_length='22mm',-0.56619
14.6,g1='8.5mm' lw='5.25mm' slot_length='22mm',-0.160328
14.7,g1='8.5mm' lw='5.25mm' slot_length='22mm',0.20869
14.8,g1='8.5mm' lw='5.25mm' slot_length='22mm',0.532749
14.9,g1='8.5mm' lw='5.25mm' slot_length='22mm',0.803784
15,g1='8.5mm' lw='5.25mm' slot_length='22mm',1.01449
